noise number; onset time ms; duration ms
1; 1.000000; 1.000000
2; 19.000000; 1.000000
3; 31.000000; 1.000000
4; 42.000000; 1.000000
5; 46.000000; 1.000000
6; 54.000000; 1.000000
7; 58.000000; 1.000000
8; 66.000000; 1.000000
9; 70.000000; 1.000000
10; 78.000000; 1.000000
11; 89.000000; 1.000000
12; 93.000000; 1.000000
13; 101.000000; 1.000000
14; 113.000000; 1.000000
15; 117.000000; 1.000000
16; 125.000000; 1.000000
17; 129.000000; 1.000000
18; 160.000000; 1.000000
19; 164.000000; 1.000000
20; 172.000000; 1.000000
21; 176.000000; 1.000000
22; 195.000000; 2.000000
23; 198.000000; 2.000000
24; 219.000000; 1.000000
25; 223.000000; 1.000000
26; 231.000000; 1.000000
27; 242.000000; 1.000000
28; 246.000000; 1.000000
29; 266.000000; 1.000000
30; 270.000000; 1.000000
31; 278.000000; 1.000000
32; 289.000000; 1.000000
33; 301.000000; 1.000000
34; 305.000000; 1.000000
35; 313.000000; 1.000000
36; 317.000000; 1.000000
37; 325.000000; 1.000000
38; 336.000000; 1.000000
39; 360.000000; 1.000000
40; 364.000000; 1.000000
41; 372.000000; 1.000000
42; 384.000000; 1.000000
43; 395.000000; 1.000000
44; 399.000000; 1.000000
45; 407.000000; 1.000000
46; 411.000000; 1.000000
47; 419.000000; 1.000000
48; 423.000000; 1.000000
49; 431.000000; 1.000000
50; 442.000000; 2.000000
51; 454.000000; 1.000000
52; 458.000000; 1.000000
53; 466.000000; 1.000000
54; 470.000000; 1.000000
55; 478.000000; 1.000000
56; 490.000000; 1.000000
57; 513.000000; 1.000000
58; 525.000000; 1.000000
59; 529.000000; 1.000000
60; 537.000000; 1.000000
61; 548.000000; 1.000000
62; 560.000000; 1.000000
63; 564.000000; 1.000000
64; 572.000000; 1.000000
65; 583.000000; 2.000000
66; 607.000000; 1.000000
67; 611.000000; 1.000000
68; 631.000000; 1.000000
69; 642.000000; 2.000000
70; 666.000000; 1.000000
71; 670.000000; 1.000000
72; 678.000000; 1.000000
73; 694.000000; 1.000000
74; 713.000000; 1.000000
75; 725.000000; 1.000000
76; 729.000000; 1.000000
77; 760.000000; 1.000000
78; 764.000000; 1.000000
79; 772.000000; 1.000000
80; 783.000000; 1.000000
81; 787.000000; 2.000000
82; 807.000000; 1.000000
83; 811.000000; 1.000000
84; 819.000000; 1.000000
85; 831.000000; 1.000000
86; 854.000000; 1.000000
87; 858.000000; 1.000000
88; 866.000000; 1.000000
89; 870.000000; 1.000000
90; 878.000000; 1.000000
91; 901.000000; 1.000000
92; 913.000000; 1.000000
93; 917.000000; 1.000000
94; 960.000000; 1.000000
95; 964.000000; 1.000000
96; 972.000000; 1.000000
97; 976.000000; 1.000000
98; 984.000000; 1.000000
99; 995.000000; 1.000000
100; 999.000000; 1.000000
101; 1007.000000; 1.000000
102; 1011.000000; 1.000000
103; 1019.000000; 1.000000
104; 1023.000000; 1.000000
105; 1031.000000; 1.000000
106; 1045.000000; 2.000000
107; 1066.000000; 1.000000
108; 1070.000000; 1.000000
109; 1078.000000; 1.000000
110; 1090.000000; 1.000000
111; 1113.000000; 1.000000
112; 1125.000000; 1.000000
113; 1129.000000; 1.000000
114; 1137.000000; 1.000000
115; 1141.000000; 1.000000
116; 1172.000000; 1.000000
117; 1176.000000; 1.000000
118; 1184.000000; 1.000000
119; 1219.000000; 1.000000
120; 1223.000000; 1.000000
121; 1253.000000; 1.000000
122; 1257.000000; 1.000000
123; 1281.000000; 1.000000
124; 1437.000000; 2.000000
125; 1440.000000; 1.000000
126; 1461.000000; 1.000000
127; 1508.000000; 1.000000
128; 1566.000000; 2.000000
129; 1578.000000; 1.000000
130; 1614.000000; 1.000000
131; 1649.000000; 1.000000
132; 1672.000000; 1.000000
133; 1684.000000; 1.000000
134; 1778.000000; 1.000000
135; 1801.000000; 2.000000
136; 1813.000000; 1.000000
137; 1970.000000; 1.000000
138; 2131.000000; 1.000000
139; 2484.000000; 1.000000
140; 2578.000000; 1.000000
141; 2590.000000; 1.000000
142; 2637.000000; 1.000000
143; 3234.000000; 1.000000
144; 3242.000000; 1.000000
145; 3246.000000; 1.000000
146; 3253.000000; 2.000000
147; 3258.000000; 1.000000
148; 3265.000000; 1.000000
149; 3269.000000; 1.000000
150; 3289.000000; 1.000000
151; 3293.000000; 1.000000
152; 3301.000000; 1.000000
153; 3325.000000; 1.000000
154; 3336.000000; 2.000000
155; 3348.000000; 1.000000
156; 3352.000000; 1.000000
157; 3360.000000; 1.000000
158; 3372.000000; 1.000000
159; 3399.000000; 2.000000
160; 3412.000000; 1.000000
161; 3430.000000; 1.000000
162; 3434.000000; 2.000000
163; 3442.000000; 2.000000
164; 3454.000000; 1.000000
165; 3458.000000; 1.000000
166; 3466.000000; 1.000000
167; 3470.000000; 1.000000
168; 3477.000000; 2.000000
169; 3489.000000; 2.000000
170; 3494.000000; 1.000000
171; 3501.000000; 2.000000
172; 3517.000000; 1.000000
173; 3524.000000; 2.000000
174; 3536.000000; 2.000000
175; 3541.000000; 1.000000
176; 3548.000000; 2.000000
177; 3560.000000; 1.000000
178; 3572.000000; 1.000000
179; 3576.000000; 1.000000
180; 3596.000000; 1.000000
181; 3607.000000; 1.000000
182; 3630.000000; 2.000000
183; 3654.000000; 1.000000
184; 3658.000000; 2.000000
185; 3665.000000; 2.000000
186; 3670.000000; 1.000000
187; 3677.000000; 2.000000
188; 3690.000000; 1.000000
189; 3712.000000; 2.000000
190; 3725.000000; 1.000000
191; 3729.000000; 1.000000
192; 3741.000000; 1.000000
193; 3772.000000; 1.000000
194; 3776.000000; 1.000000
195; 3784.000000; 1.000000
196; 3794.000000; 2.000000
197; 3799.000000; 1.000000
198; 3823.000000; 1.000000
199; 3835.000000; 1.000000
200; 3846.000000; 1.000000
201; 3854.000000; 1.000000
202; 3866.000000; 1.000000
203; 3870.000000; 1.000000
204; 3881.000000; 2.000000
205; 3888.000000; 2.000000
206; 3893.000000; 1.000000
207; 3929.000000; 1.000000
208; 3948.000000; 1.000000
209; 3952.000000; 1.000000
210; 3971.000000; 1.000000
211; 3983.000000; 2.000000
212; 3995.000000; 1.000000
213; 3999.000000; 1.000000
214; 4006.000000; 2.000000
215; 4011.000000; 1.000000
216; 4019.000000; 1.000000
217; 4023.000000; 1.000000
218; 4031.000000; 1.000000
219; 4042.000000; 2.000000
220; 4078.000000; 1.000000
221; 4082.000000; 1.000000
222; 4106.000000; 1.000000
223; 4125.000000; 1.000000
224; 4129.000000; 1.000000
225; 4137.000000; 1.000000
226; 4148.000000; 1.000000
227; 4160.000000; 1.000000
228; 4172.000000; 1.000000
229; 4184.000000; 1.000000
230; 4195.000000; 2.000000
231; 4198.000000; 2.000000
232; 4218.000000; 2.000000
233; 4223.000000; 1.000000
234; 4231.000000; 1.000000
235; 4241.000000; 2.000000
236; 4246.000000; 1.000000
237; 4270.000000; 1.000000
238; 4278.000000; 1.000000
239; 4325.000000; 1.000000
240; 4336.000000; 1.000000
241; 4340.000000; 1.000000
242; 4348.000000; 1.000000
243; 4352.000000; 1.000000
244; 4359.000000; 1.000000
245; 4364.000000; 1.000000
246; 4371.000000; 2.000000
247; 4383.000000; 1.000000
248; 4387.000000; 2.000000
249; 4406.000000; 2.000000
250; 4418.000000; 2.000000
251; 4423.000000; 1.000000
252; 4431.000000; 1.000000
253; 4466.000000; 1.000000
254; 4470.000000; 1.000000
255; 4478.000000; 1.000000
256; 4708.000000; 1.000000
257; 4849.000000; 1.000000
258; 4907.000000; 1.000000
259; 4919.000000; 1.000000
260; 5190.000000; 1.000000
261; 5213.000000; 2.000000
262; 5225.000000; 1.000000
263; 5484.000000; 1.000000
264; 5496.000000; 1.000000
265; 5572.000000; 1.000000
266; 5576.000000; 1.000000
267; 5583.000000; 2.000000
268; 5588.000000; 1.000000
269; 5595.000000; 1.000000
270; 5599.000000; 2.000000
271; 5607.000000; 1.000000
272; 5611.000000; 1.000000
273; 5619.000000; 1.000000
274; 5634.000000; 2.000000
275; 5642.000000; 1.000000
276; 5654.000000; 2.000000
277; 5678.000000; 1.000000
278; 5682.000000; 1.000000
279; 5689.000000; 2.000000
280; 5701.000000; 2.000000
281; 5725.000000; 1.000000
282; 5729.000000; 1.000000
283; 5737.000000; 1.000000
284; 5741.000000; 1.000000
285; 5749.000000; 1.000000
286; 5760.000000; 1.000000
287; 5764.000000; 1.000000
288; 5772.000000; 1.000000
289; 5776.000000; 1.000000
290; 5783.000000; 2.000000
291; 5788.000000; 1.000000
292; 5796.000000; 1.000000
293; 5819.000000; 1.000000
294; 5823.000000; 1.000000
295; 5831.000000; 1.000000
296; 5835.000000; 1.000000
297; 5843.000000; 1.000000
298; 5878.000000; 1.000000
299; 5882.000000; 1.000000
300; 5890.000000; 1.000000
301; 5901.000000; 1.000000
302; 5905.000000; 2.000000
303; 5925.000000; 1.000000
304; 5937.000000; 1.000000
305; 5972.000000; 1.000000
306; 5976.000000; 1.000000
307; 5984.000000; 1.000000
308; 5995.000000; 1.000000
309; 5999.000000; 1.000000
310; 6031.000000; 1.000000
311; 6043.000000; 1.000000
312; 6053.000000; 2.000000
313; 6058.000000; 1.000000
314; 6078.000000; 1.000000
315; 6089.000000; 1.000000
316; 6093.000000; 1.000000
317; 6117.000000; 1.000000
318; 6125.000000; 1.000000
319; 6137.000000; 1.000000
320; 6152.000000; 1.000000
321; 6172.000000; 1.000000
322; 6184.000000; 1.000000
323; 6195.000000; 1.000000
324; 6199.000000; 1.000000
325; 6206.000000; 1.000000
326; 6219.000000; 1.000000
327; 6223.000000; 1.000000
328; 6231.000000; 1.000000
329; 6243.000000; 1.000000
330; 6254.000000; 2.000000
331; 6265.000000; 2.000000
332; 6270.000000; 1.000000
333; 6278.000000; 1.000000
334; 6290.000000; 1.000000
335; 6301.000000; 1.000000
336; 6305.000000; 1.000000
337; 6313.000000; 1.000000
338; 6317.000000; 1.000000
339; 6325.000000; 1.000000
340; 6336.000000; 2.000000
341; 6348.000000; 1.000000
342; 6352.000000; 2.000000
343; 6364.000000; 1.000000
344; 6372.000000; 1.000000
345; 6376.000000; 1.000000
346; 6384.000000; 1.000000
347; 6400.000000; 1.000000
348; 6407.000000; 1.000000
349; 6411.000000; 1.000000
350; 6419.000000; 1.000000
351; 6431.000000; 1.000000
352; 6442.000000; 1.000000
353; 6447.000000; 1.000000
354; 6466.000000; 1.000000
355; 6470.000000; 1.000000
356; 6478.000000; 1.000000
357; 6489.000000; 2.000000
358; 6501.000000; 1.000000
359; 6505.000000; 1.000000
360; 6513.000000; 1.000000
361; 6517.000000; 1.000000
362; 6537.000000; 1.000000
363; 6549.000000; 1.000000
364; 6588.000000; 1.000000
365; 8137.000000; 1.000000
366; 8184.000000; 1.000000
367; 8196.000000; 1.000000
368; 8219.000000; 1.000000
369; 8242.000000; 2.000000
370; 8266.000000; 1.000000
371; 8278.000000; 1.000000
372; 8289.000000; 2.000000
373; 8301.000000; 1.000000
374; 8313.000000; 1.000000
375; 8337.000000; 2.000000
376; 8348.000000; 2.000000
377; 8360.000000; 1.000000
378; 8364.000000; 1.000000
379; 8384.000000; 1.000000
380; 8396.000000; 1.000000
381; 8407.000000; 1.000000
382; 8442.000000; 2.000000
383; 8466.000000; 1.000000
384; 8477.000000; 2.000000
385; 8501.000000; 1.000000
386; 8505.000000; 1.000000
387; 8513.000000; 1.000000
388; 8524.000000; 2.000000
389; 8560.000000; 1.000000
390; 8571.000000; 2.000000
391; 8583.000000; 1.000000
392; 8607.000000; 1.000000
393; 8611.000000; 1.000000
394; 8623.000000; 1.000000
395; 8631.000000; 1.000000
396; 8670.000000; 1.000000
397; 8678.000000; 1.000000
398; 8689.000000; 1.000000
399; 8693.000000; 1.000000
400; 8701.000000; 1.000000
401; 8705.000000; 1.000000
402; 8712.000000; 1.000000
403; 8725.000000; 1.000000
404; 8736.000000; 2.000000
405; 8748.000000; 1.000000
406; 8752.000000; 1.000000
407; 8759.000000; 2.000000
408; 8764.000000; 1.000000
409; 8772.000000; 1.000000
410; 8784.000000; 1.000000
411; 8800.000000; 1.000000
412; 8818.000000; 1.000000
413; 8831.000000; 1.000000
414; 8842.000000; 2.000000
415; 8854.000000; 1.000000
416; 8858.000000; 2.000000
417; 8870.000000; 1.000000
418; 8877.000000; 2.000000
419; 8890.000000; 1.000000
420; 8902.000000; 1.000000
421; 8913.000000; 1.000000
422; 8917.000000; 1.000000
423; 8924.000000; 1.000000
424; 8936.000000; 2.000000
425; 8941.000000; 1.000000
426; 8949.000000; 1.000000
427; 8959.000000; 2.000000
428; 8964.000000; 1.000000
429; 8976.000000; 1.000000
430; 8984.000000; 1.000000
431; 8988.000000; 1.000000
432; 8995.000000; 2.000000
433; 9018.000000; 1.000000
434; 9023.000000; 1.000000
435; 9031.000000; 1.000000
436; 9042.000000; 2.000000
437; 9059.000000; 1.000000
438; 9082.000000; 1.000000
439; 9090.000000; 1.000000
440; 9101.000000; 2.000000
441; 9124.000000; 2.000000
442; 9129.000000; 1.000000
443; 9137.000000; 1.000000
444; 9141.000000; 1.000000
445; 9148.000000; 2.000000
446; 9171.000000; 2.000000
447; 9183.000000; 2.000000
448; 9196.000000; 1.000000
449; 9219.000000; 1.000000
450; 9223.000000; 1.000000
451; 9235.000000; 1.000000
452; 9243.000000; 1.000000
453; 9255.000000; 1.000000
454; 9265.000000; 1.000000
455; 9278.000000; 1.000000
456; 9282.000000; 1.000000
457; 9290.000000; 1.000000
458; 9305.000000; 2.000000
459; 9337.000000; 1.000000
460; 9349.000000; 1.000000
461; 9353.000000; 1.000000
462; 9360.000000; 1.000000
463; 9364.000000; 1.000000
464; 9372.000000; 1.000000
465; 9376.000000; 1.000000
466; 9384.000000; 1.000000
467; 9388.000000; 1.000000
468; 9396.000000; 1.000000
469; 9407.000000; 2.000000
470; 9418.000000; 2.000000
471; 9423.000000; 1.000000
472; 9431.000000; 1.000000
473; 9435.000000; 1.000000
474; 9443.000000; 1.000000
475; 9454.000000; 2.000000
476; 9478.000000; 1.000000
477; 9482.000000; 1.000000
478; 9490.000000; 1.000000
479; 9494.000000; 1.000000
480; 10560.000000; 2.000000
481; 10572.000000; 1.000000
482; 10576.000000; 1.000000
483; 10584.000000; 1.000000
484; 10595.000000; 1.000000
485; 10599.000000; 2.000000
486; 10607.000000; 2.000000
487; 10619.000000; 2.000000
488; 10631.000000; 1.000000
489; 10642.000000; 2.000000
490; 10666.000000; 2.000000
491; 10678.000000; 1.000000
492; 10705.000000; 2.000000
493; 10714.000000; 1.000000
494; 10725.000000; 2.000000
495; 10737.000000; 1.000000
496; 10741.000000; 1.000000
497; 10749.000000; 1.000000
498; 10753.000000; 1.000000
499; 10761.000000; 1.000000
500; 10772.000000; 2.000000
501; 10807.000000; 1.000000
502; 10811.000000; 1.000000
503; 10820.000000; 1.000000
504; 10843.000000; 1.000000
505; 10847.000000; 1.000000
506; 10855.000000; 1.000000
507; 10866.000000; 2.000000
508; 10878.000000; 2.000000
509; 10881.000000; 2.000000
510; 10890.000000; 1.000000
511; 10902.000000; 1.000000
512; 10913.000000; 2.000000
513; 10925.000000; 1.000000
514; 10929.000000; 1.000000
515; 10937.000000; 1.000000
516; 10949.000000; 1.000000
517; 10961.000000; 1.000000
518; 10972.000000; 2.000000
519; 10996.000000; 1.000000
520; 11008.000000; 1.000000
521; 11019.000000; 1.000000
522; 11031.000000; 1.000000
523; 11035.000000; 1.000000
524; 11043.000000; 1.000000
525; 11055.000000; 1.000000
526; 11069.000000; 2.000000
527; 11078.000000; 2.000000
528; 11081.000000; 2.000000
529; 11090.000000; 2.000000
530; 11093.000000; 2.000000
531; 11102.000000; 1.000000
532; 11113.000000; 2.000000
533; 11125.000000; 2.000000
534; 11130.000000; 1.000000
535; 11149.000000; 1.000000
536; 11160.000000; 2.000000
537; 11172.000000; 1.000000
538; 11184.000000; 1.000000
539; 11196.000000; 1.000000
540; 11208.000000; 1.000000
541; 11220.000000; 1.000000
542; 11243.000000; 1.000000
543; 11255.000000; 1.000000
544; 11266.000000; 2.000000
545; 11278.000000; 2.000000
546; 11281.000000; 2.000000
547; 11290.000000; 1.000000
548; 11294.000000; 1.000000
549; 11302.000000; 1.000000
550; 11314.000000; 1.000000
551; 11325.000000; 1.000000
552; 11329.000000; 1.000000
553; 11337.000000; 1.000000
554; 11349.000000; 1.000000
555; 11361.000000; 1.000000
556; 11372.000000; 1.000000
557; 11384.000000; 2.000000
558; 11387.000000; 2.000000
559; 11396.000000; 1.000000
560; 11407.000000; 2.000000
561; 11419.000000; 1.000000
562; 11431.000000; 2.000000
563; 11443.000000; 1.000000
564; 11455.000000; 1.000000
565; 11467.000000; 1.000000
566; 11478.000000; 2.000000
567; 11490.000000; 1.000000
568; 11502.000000; 1.000000
569; 11525.000000; 2.000000
570; 11537.000000; 2.000000
571; 11554.000000; 1.000000
572; 11561.000000; 1.000000
573; 11578.000000; 1.000000
574; 11589.000000; 2.000000
575; 11601.000000; 2.000000
576; 11613.000000; 2.000000
577; 11648.000000; 1.000000
578; 11683.000000; 1.000000
579; 11873.000000; 1.000000
580; 11989.000000; 1.000000
581; 12036.000000; 1.000000
582; 12083.000000; 1.000000
583; 12107.000000; 1.000000
584; 12448.000000; 1.000000
585; 13024.000000; 1.000000
586; 13044.000000; 2.000000
587; 13055.000000; 1.000000
588; 13059.000000; 2.000000
589; 13067.000000; 2.000000
590; 13083.000000; 1.000000
591; 13090.000000; 2.000000
592; 13113.000000; 2.000000
593; 13118.000000; 1.000000
594; 13137.000000; 2.000000
595; 13149.000000; 2.000000
596; 13173.000000; 1.000000
597; 13187.000000; 1.000000
598; 13196.000000; 1.000000
599; 13207.000000; 2.000000
600; 13210.000000; 2.000000
601; 13219.000000; 2.000000
602; 13231.000000; 1.000000
603; 13242.000000; 2.000000
604; 13254.000000; 2.000000
605; 13266.000000; 1.000000
606; 13270.000000; 1.000000
607; 13278.000000; 1.000000
608; 13282.000000; 1.000000
609; 13289.000000; 2.000000
610; 13301.000000; 1.000000
611; 13305.000000; 2.000000
612; 13313.000000; 1.000000
613; 13317.000000; 1.000000
614; 13325.000000; 1.000000
615; 13337.000000; 1.000000
616; 13348.000000; 2.000000
617; 13360.000000; 1.000000
618; 13364.000000; 2.000000
619; 13372.000000; 1.000000
620; 13376.000000; 2.000000
621; 13384.000000; 1.000000
622; 13396.000000; 1.000000
623; 13407.000000; 2.000000
624; 13443.000000; 1.000000
625; 13454.000000; 2.000000
626; 13489.000000; 2.000000
627; 13502.000000; 1.000000
628; 13513.000000; 2.000000
629; 13537.000000; 1.000000
630; 13548.000000; 2.000000
631; 13572.000000; 2.000000
632; 13584.000000; 1.000000
633; 13596.000000; 1.000000
634; 13607.000000; 2.000000
635; 13619.000000; 2.000000
636; 13631.000000; 2.000000
637; 13643.000000; 1.000000
638; 13655.000000; 1.000000
639; 13666.000000; 2.000000
640; 13690.000000; 1.000000
641; 13702.000000; 1.000000
642; 13706.000000; 1.000000
643; 13713.000000; 2.000000
644; 13725.000000; 2.000000
645; 13749.000000; 1.000000
646; 13753.000000; 2.000000
647; 13760.000000; 2.000000
648; 13784.000000; 2.000000
649; 13807.000000; 2.000000
650; 13819.000000; 2.000000
651; 13843.000000; 1.000000
652; 13854.000000; 2.000000
653; 13866.000000; 2.000000
654; 13878.000000; 2.000000
655; 13902.000000; 1.000000
656; 13913.000000; 2.000000
657; 13925.000000; 2.000000
658; 13949.000000; 1.000000
659; 13960.000000; 2.000000
660; 13972.000000; 2.000000
661; 13996.000000; 1.000000
662; 14007.000000; 2.000000
663; 14019.000000; 2.000000
664; 14043.000000; 1.000000
665; 14055.000000; 1.000000
666; 14066.000000; 2.000000
667; 14078.000000; 2.000000
668; 14102.000000; 1.000000
669; 14114.000000; 1.000000
670; 14137.000000; 1.000000
671; 14141.000000; 1.000000
672; 14149.000000; 1.000000
673; 14153.000000; 1.000000
674; 14161.000000; 1.000000
675; 14184.000000; 2.000000
676; 14208.000000; 1.000000
677; 14219.000000; 1.000000
678; 14231.000000; 2.000000
679; 14243.000000; 2.000000
680; 14255.000000; 1.000000
681; 14278.000000; 2.000000
682; 14302.000000; 1.000000
683; 14314.000000; 1.000000
684; 14325.000000; 1.000000
685; 14389.000000; 1.000000
686; 14436.000000; 1.000000
687; 15260.000000; 1.000000
688; 15349.000000; 2.000000
689; 15360.000000; 2.000000
690; 15375.000000; 2.000000
691; 15384.000000; 1.000000
692; 15388.000000; 1.000000
693; 15395.000000; 2.000000
694; 15407.000000; 2.000000
695; 15419.000000; 2.000000
696; 15431.000000; 2.000000
697; 15442.000000; 2.000000
698; 15454.000000; 2.000000
699; 15466.000000; 2.000000
700; 15478.000000; 1.000000
701; 15482.000000; 1.000000
702; 15490.000000; 1.000000
703; 15501.000000; 2.000000
704; 15513.000000; 1.000000
705; 15525.000000; 2.000000
706; 15537.000000; 1.000000
707; 15541.000000; 1.000000
708; 15549.000000; 1.000000
709; 15561.000000; 1.000000
710; 15572.000000; 2.000000
711; 15584.000000; 2.000000
712; 15587.000000; 2.000000
713; 15596.000000; 1.000000
714; 15600.000000; 1.000000
715; 15619.000000; 2.000000
716; 15631.000000; 2.000000
717; 15643.000000; 1.000000
718; 15647.000000; 1.000000
719; 15655.000000; 1.000000
720; 15666.000000; 2.000000
721; 15690.000000; 2.000000
722; 15702.000000; 1.000000
723; 15713.000000; 2.000000
724; 15725.000000; 2.000000
725; 15737.000000; 2.000000
726; 15749.000000; 1.000000
727; 15760.000000; 2.000000
728; 15772.000000; 2.000000
729; 15784.000000; 2.000000
730; 15796.000000; 1.000000
731; 15808.000000; 1.000000
732; 15812.000000; 1.000000
733; 15819.000000; 2.000000
734; 15831.000000; 2.000000
735; 15843.000000; 1.000000
736; 15847.000000; 1.000000
737; 15855.000000; 1.000000
738; 15866.000000; 2.000000
739; 15878.000000; 2.000000
740; 15890.000000; 2.000000
741; 15902.000000; 1.000000
742; 15925.000000; 2.000000
743; 15937.000000; 1.000000
744; 15941.000000; 1.000000
745; 15949.000000; 1.000000
746; 15961.000000; 1.000000
747; 15972.000000; 2.000000
748; 15984.000000; 2.000000
749; 15996.000000; 1.000000
750; 16000.000000; 1.000000
751; 16007.000000; 2.000000
752; 16019.000000; 2.000000
753; 16031.000000; 1.000000
754; 16035.000000; 2.000000
755; 16043.000000; 1.000000
756; 16047.000000; 1.000000
757; 16066.000000; 2.000000
758; 16078.000000; 2.000000
759; 16090.000000; 2.000000
760; 16102.000000; 1.000000
761; 16113.000000; 2.000000
762; 16125.000000; 2.000000
763; 16137.000000; 1.000000
764; 16141.000000; 1.000000
765; 16149.000000; 1.000000
766; 16184.000000; 2.000000
767; 16196.000000; 1.000000
768; 16200.000000; 1.000000
769; 16208.000000; 1.000000
770; 16219.000000; 2.000000
771; 16231.000000; 2.000000
772; 16243.000000; 1.000000
773; 16255.000000; 1.000000
774; 16259.000000; 1.000000
775; 16266.000000; 2.000000
776; 16278.000000; 2.000000
777; 16290.000000; 2.000000
778; 16302.000000; 1.000000
779; 16306.000000; 1.000000
780; 16313.000000; 2.000000
781; 16325.000000; 2.000000
782; 16337.000000; 2.000000
783; 16349.000000; 1.000000
784; 16353.000000; 1.000000
785; 16361.000000; 1.000000
786; 16372.000000; 2.000000
787; 16384.000000; 2.000000
788; 16405.000000; 2.000000
789; 16417.000000; 1.000000
790; 16439.000000; 1.000000
791; 16451.000000; 1.000000
792; 16463.000000; 1.000000
793; 16486.000000; 1.000000
794; 16532.000000; 1.000000
795; 16614.000000; 1.000000
796; 16673.000000; 1.000000
797; 17014.000000; 1.000000
798; 17156.000000; 1.000000
799; 17167.000000; 1.000000
800; 17261.000000; 1.000000
801; 17273.000000; 1.000000
802; 17367.000000; 1.000000
803; 17438.000000; 1.000000
804; 17473.000000; 1.000000
805; 17591.000000; 1.000000
806; 17603.000000; 1.000000
807; 17638.000000; 1.000000
808; 17650.000000; 1.000000
809; 17662.000000; 1.000000
810; 17725.000000; 1.000000
811; 17737.000000; 2.000000
812; 17749.000000; 2.000000
813; 17761.000000; 2.000000
814; 17766.000000; 1.000000
815; 17778.000000; 1.000000
816; 17785.000000; 1.000000
817; 17789.000000; 1.000000
818; 17797.000000; 1.000000
819; 17801.000000; 1.000000
820; 17808.000000; 2.000000
821; 17820.000000; 1.000000
822; 17824.000000; 1.000000
823; 17832.000000; 1.000000
824; 17844.000000; 1.000000
825; 17848.000000; 1.000000
826; 17856.000000; 1.000000
827; 17867.000000; 1.000000
828; 17871.000000; 1.000000
829; 17891.000000; 1.000000
830; 17966.000000; 1.000000
831; 17996.000000; 1.000000
832; 18000.000000; 1.000000
833; 18043.000000; 1.000000
834; 18047.000000; 1.000000
835; 19431.000000; 2.000000
836; 19443.000000; 2.000000
837; 19458.000000; 2.000000
838; 19467.000000; 1.000000
839; 19494.000000; 1.000000
840; 19512.000000; 2.000000
841; 19524.000000; 1.000000
842; 19535.000000; 2.000000
843; 19547.000000; 1.000000
844; 19559.000000; 1.000000
845; 19569.000000; 2.000000
846; 19582.000000; 1.000000
847; 19593.000000; 2.000000
848; 19605.000000; 1.000000
849; 19616.000000; 1.000000
850; 19628.000000; 1.000000
851; 19639.000000; 2.000000
852; 19651.000000; 1.000000
853; 19662.000000; 2.000000
854; 19675.000000; 1.000000
855; 19685.000000; 2.000000
856; 19697.000000; 1.000000
857; 19709.000000; 1.000000
858; 19720.000000; 2.000000
859; 19732.000000; 1.000000
860; 19744.000000; 1.000000
861; 19755.000000; 2.000000
862; 19767.000000; 2.000000
863; 19779.000000; 1.000000
864; 20108.000000; 1.000000
865; 20320.000000; 1.000000
866; 20367.000000; 1.000000
867; 20414.000000; 1.000000
868; 20461.000000; 1.000000
869; 20567.000000; 1.000000
870; 20614.000000; 1.000000
871; 20650.000000; 1.000000
872; 20673.000000; 1.000000
873; 20685.000000; 1.000000
874; 20697.000000; 1.000000
875; 20732.000000; 1.000000
876; 20744.000000; 1.000000
877; 20768.000000; 1.000000
878; 20791.000000; 1.000000
879; 20815.000000; 1.000000
880; 20826.000000; 1.000000
881; 20836.000000; 1.000000
882; 20838.000000; 1.000000
883; 20850.000000; 1.000000
884; 20886.000000; 1.000000
885; 20897.000000; 1.000000
886; 20909.000000; 1.000000
887; 20921.000000; 1.000000
888; 20957.000000; 1.000000
889; 20980.000000; 1.000000
890; 20992.000000; 1.000000
891; 21034.000000; 3.000000
892; 21965.000000; 1.000000
893; 22028.000000; 2.000000
894; 22097.000000; 1.000000
895; 22109.000000; 1.000000
896; 22121.000000; 1.000000
897; 22144.000000; 1.000000
898; 22156.000000; 1.000000
899; 22168.000000; 1.000000
900; 22179.000000; 2.000000
901; 22191.000000; 1.000000
902; 22202.000000; 2.000000
903; 22214.000000; 1.000000
904; 22226.000000; 1.000000
905; 22461.000000; 1.000000
906; 22980.000000; 1.000000
907; 23050.000000; 1.000000
908; 23073.000000; 2.000000
909; 23085.000000; 1.000000
910; 23097.000000; 1.000000
911; 23108.000000; 1.000000
912; 23156.000000; 1.000000
913; 23167.000000; 1.000000
914; 23179.000000; 2.000000
915; 23191.000000; 1.000000
916; 23203.000000; 1.000000
917; 23932.000000; 1.000000
918; 24038.000000; 1.000000
919; 24455.000000; 1.000000
920; 24479.000000; 1.000000
921; 24491.000000; 1.000000
922; 24520.000000; 1.000000
923; 24532.000000; 1.000000
924; 24543.000000; 2.000000
925; 24555.000000; 2.000000
926; 24590.000000; 1.000000
927; 24602.000000; 1.000000
928; 24778.000000; 2.000000
929; 24802.000000; 1.000000
930; 24943.000000; 1.000000
931; 25543.000000; 1.000000
932; 25566.000000; 1.000000
933; 25637.000000; 1.000000
934; 25837.000000; 1.000000
935; 25931.000000; 1.000000
936; 25950.000000; 1.000000
937; 25961.000000; 2.000000
938; 25973.000000; 2.000000
939; 25978.000000; 1.000000
940; 25985.000000; 2.000000
941; 26009.000000; 1.000000
942; 26013.000000; 1.000000
943; 26020.000000; 2.000000
944; 26032.000000; 2.000000
945; 26035.000000; 2.000000
946; 26157.000000; 1.000000
947; 26180.000000; 1.000000
948; 26192.000000; 1.000000
949; 26285.000000; 1.000000
950; 26403.000000; 1.000000
951; 26909.000000; 1.000000
952; 26956.000000; 1.000000
953; 27109.000000; 1.000000
954; 27203.000000; 1.000000
955; 27215.000000; 1.000000
956; 27514.000000; 2.000000
957; 27527.000000; 1.000000
958; 27531.000000; 2.000000
959; 27539.000000; 1.000000
960; 27543.000000; 1.000000
961; 27550.000000; 2.000000
962; 27555.000000; 1.000000
963; 27566.000000; 2.000000
964; 27574.000000; 1.000000
965; 27578.000000; 2.000000
966; 27626.000000; 1.000000
967; 27734.000000; 2.000000
968; 28468.000000; 1.000000
969; 28509.000000; 1.000000
970; 28956.000000; 1.000000
971; 28968.000000; 1.000000
972; 28991.000000; 1.000000
973; 29050.000000; 1.000000
974; 29529.000000; 1.000000
975; 30473.000000; 1.000000
976; 30509.000000; 1.000000
977; 30511.000000; 1.000000
978; 30521.000000; 1.000000
979; 30649.000000; 1.000000
980; 31522.000000; 2.000000
981; 31686.000000; 1.000000
982; 31709.000000; 1.000000
983; 31744.000000; 1.000000
984; 31791.000000; 1.000000
985; 32403.000000; 1.000000
986; 32465.000000; 1.000000
987; 32486.000000; 1.000000
988; 32721.000000; 1.000000
989; 32733.000000; 1.000000
990; 32768.000000; 1.000000
991; 33550.000000; 1.000000
992; 33554.000000; 1.000000
993; 33573.000000; 2.000000
994; 33578.000000; 1.000000
995; 33585.000000; 2.000000
996; 33597.000000; 2.000000
997; 33620.000000; 1.000000
998; 33632.000000; 2.000000
999; 33645.000000; 1.000000
1000; 33655.000000; 2.000000
1001; 33668.000000; 2.000000
1002; 33671.000000; 1.000000
1003; 33679.000000; 1.000000
1004; 33691.000000; 2.000000
1005; 33703.000000; 1.000000
1006; 33707.000000; 1.000000
1007; 33715.000000; 1.000000
1008; 33719.000000; 1.000000
1009; 33738.000000; 2.000000
1010; 33750.000000; 1.000000
1011; 33754.000000; 1.000000
1012; 33762.000000; 1.000000
1013; 33774.000000; 1.000000
1014; 33785.000000; 2.000000
1015; 33797.000000; 1.000000
1016; 33809.000000; 1.000000
1017; 33821.000000; 1.000000
1018; 33825.000000; 1.000000
1019; 33832.000000; 2.000000
1020; 33837.000000; 1.000000
1021; 33844.000000; 2.000000
1022; 33847.000000; 2.000000
1023; 33856.000000; 1.000000
1024; 33868.000000; 1.000000
1025; 33879.000000; 2.000000
1026; 33891.000000; 1.000000
1027; 33903.000000; 1.000000
1028; 33919.000000; 1.000000
1029; 33925.000000; 2.000000
1030; 33930.000000; 1.000000
1031; 33938.000000; 2.000000
1032; 33950.000000; 1.000000
1033; 33962.000000; 1.000000
1034; 33973.000000; 1.000000
1035; 33977.000000; 1.000000
1036; 33985.000000; 1.000000
1037; 33997.000000; 1.000000
1038; 34009.000000; 1.000000
1039; 34020.000000; 1.000000
1040; 34024.000000; 2.000000
1041; 34044.000000; 1.000000
1042; 34056.000000; 1.000000
1043; 34068.000000; 1.000000
1044; 34079.000000; 1.000000
1045; 34091.000000; 1.000000
1046; 34103.000000; 1.000000
1047; 34114.000000; 2.000000
1048; 34125.000000; 2.000000
1049; 34130.000000; 1.000000
1050; 34138.000000; 1.000000
1051; 34150.000000; 1.000000
1052; 34161.000000; 2.000000
1053; 34173.000000; 1.000000
1054; 34177.000000; 1.000000
1055; 34185.000000; 2.000000
1056; 34197.000000; 1.000000
1057; 34201.000000; 2.000000
1058; 34209.000000; 1.000000
1059; 34221.000000; 1.000000
1060; 34244.000000; 1.000000
1061; 34256.000000; 1.000000
1062; 34278.000000; 2.000000
1063; 34291.000000; 1.000000
1064; 34303.000000; 1.000000
1065; 34315.000000; 1.000000
1066; 34338.000000; 1.000000
1067; 34342.000000; 1.000000
1068; 34350.000000; 1.000000
1069; 34361.000000; 2.000000
1070; 34373.000000; 2.000000
1071; 34397.000000; 1.000000
1072; 34409.000000; 1.000000
1073; 34413.000000; 1.000000
1074; 34421.000000; 1.000000
1075; 34444.000000; 1.000000
1076; 34456.000000; 1.000000
1077; 34460.000000; 1.000000
1078; 34468.000000; 1.000000
1079; 34479.000000; 2.000000
1080; 34491.000000; 2.000000
1081; 34503.000000; 1.000000
1082; 34507.000000; 1.000000
1083; 34515.000000; 1.000000
1084; 34550.000000; 1.000000
1085; 34562.000000; 1.000000
1086; 34574.000000; 1.000000
1087; 34597.000000; 2.000000
1088; 34609.000000; 1.000000
1089; 34621.000000; 1.000000
1090; 34632.000000; 2.000000
1091; 34644.000000; 1.000000
1092; 34648.000000; 1.000000
1093; 34656.000000; 1.000000
1094; 34660.000000; 1.000000
1095; 34668.000000; 1.000000
1096; 34672.000000; 1.000000
1097; 34679.000000; 2.000000
1098; 34703.000000; 1.000000
1099; 34707.000000; 1.000000
1100; 34715.000000; 1.000000
1101; 34719.000000; 1.000000
1102; 34726.000000; 2.000000
1103; 34738.000000; 1.000000
1104; 34750.000000; 1.000000
1105; 34762.000000; 1.000000
1106; 34766.000000; 1.000000
1107; 34774.000000; 1.000000
1108; 34778.000000; 1.000000
1109; 34797.000000; 1.000000
1110; 34809.000000; 1.000000
1111; 34813.000000; 1.000000
1112; 34821.000000; 1.000000
1113; 34825.000000; 1.000000
1114; 34832.000000; 2.000000
1115; 34837.000000; 1.000000
1116; 34844.000000; 2.000000
1117; 34856.000000; 1.000000
1118; 34860.000000; 1.000000
1119; 34868.000000; 1.000000
1120; 34879.000000; 2.000000
1121; 34891.000000; 2.000000
1122; 34903.000000; 1.000000
1123; 34915.000000; 1.000000
1124; 34926.000000; 1.000000
1125; 34930.000000; 1.000000
1126; 34938.000000; 2.000000
1127; 34950.000000; 1.000000
1128; 34954.000000; 1.000000
1129; 34962.000000; 1.000000
1130; 34973.000000; 2.000000
1131; 34985.000000; 2.000000
1132; 34997.000000; 1.000000
1133; 35001.000000; 1.000000
1134; 35009.000000; 1.000000
1135; 35020.000000; 2.000000
1136; 35033.000000; 1.000000
1137; 35044.000000; 2.000000
1138; 35056.000000; 1.000000
1139; 35060.000000; 1.000000
1140; 35068.000000; 1.000000
1141; 35072.000000; 1.000000
1142; 35080.000000; 1.000000
1143; 35091.000000; 2.000000
1144; 35115.000000; 1.000000
1145; 35119.000000; 1.000000
1146; 35127.000000; 1.000000
1147; 35138.000000; 2.000000
1148; 35150.000000; 1.000000
1149; 35154.000000; 1.000000
1150; 35162.000000; 1.000000
1151; 35166.000000; 1.000000
1152; 35174.000000; 1.000000
1153; 35185.000000; 2.000000
1154; 35197.000000; 1.000000
1155; 35201.000000; 1.000000
1156; 35209.000000; 1.000000
1157; 35213.000000; 1.000000
1158; 35221.000000; 1.000000
1159; 35225.000000; 1.000000
1160; 35233.000000; 1.000000
1161; 3.000000; 38.000000
1162; 44.000000; 44.000000
1163; 91.000000; 1.000000
1164; 397.000000; 1.000000
1165; 1249.000000; 3.000000
1166; 1255.000000; 68.000000
1167; 1324.000000; 81.000000
1168; 1406.000000; 22.000000
1169; 1432.000000; 2.000000
1170; 1442.000000; 5.000000
1171; 1452.000000; 44.000000
1172; 1497.000000; 68.000000
1173; 1569.000000; 56.000000
1174; 1626.000000; 69.000000
1175; 1804.000000; 8.000000
1176; 2930.000000; 3.000000
1177; 2941.000000; 90.000000
1178; 3032.000000; 9.000000
1179; 3049.000000; 6.000000
1180; 3060.000000; 43.000000
1181; 3104.000000; 35.000000
1182; 3142.000000; 32.000000
1183; 3178.000000; 39.000000
1184; 3225.000000; 43.000000
1185; 3271.000000; 53.000000
1186; 3331.000000; 51.000000
1187; 3391.000000; 7.000000
1188; 3562.000000; 1.000000
1189; 3567.000000; 86.000000
1190; 3656.000000; 1.000000
1191; 3891.000000; 1.000000
1192; 3895.000000; 52.000000
1193; 3950.000000; 1.000000
1194; 3956.000000; 14.000000
1195; 3973.000000; 1.000000
1196; 3979.000000; 15.000000
1197; 3997.000000; 1.000000
1198; 4244.000000; 1.000000
1199; 4250.000000; 85.000000
1200; 4338.000000; 1.000000
1201; 4344.000000; 38.000000
1202; 4385.000000; 1.000000
1203; 4504.000000; 1.000000
1204; 4535.000000; 6.000000
1205; 5560.000000; 1.000000
1206; 5567.000000; 27.000000
1207; 5597.000000; 1.000000
1208; 5602.000000; 26.000000
1209; 5632.000000; 1.000000
1210; 5637.000000; 51.000000
1211; 5696.000000; 63.000000
1212; 5762.000000; 1.000000
1213; 5903.000000; 1.000000
1214; 5908.000000; 84.000000
1215; 5997.000000; 1.000000
1216; 6001.000000; 85.000000
1217; 6091.000000; 1.000000
1218; 6350.000000; 1.000000
1219; 6355.000000; 51.000000
1220; 6409.000000; 91.000000
1221; 6503.000000; 1.000000
1222; 6509.000000; 39.000000
1223; 6557.000000; 5.000000
1224; 6570.000000; 1.000000
1225; 6581.000000; 2.000000
1226; 6593.000000; 2.000000
1227; 6605.000000; 5.000000
1228; 6616.000000; 38.000000
1229; 6663.000000; 42.000000
1230; 6709.000000; 38.000000
1231; 6756.000000; 27.000000
1232; 6793.000000; 66.000000
1233; 6860.000000; 59.000000
1234; 6922.000000; 6.000000
1235; 8067.000000; 34.000000
1236; 8102.000000; 8.000000
1237; 8120.000000; 1.000000
1238; 8132.000000; 1.000000
1239; 8144.000000; 2.000000
1240; 8155.000000; 28.000000
1241; 8191.000000; 27.000000
1242; 8226.000000; 28.000000
1243; 8262.000000; 26.000000
1244; 8297.000000; 26.000000
1245; 8332.000000; 1.000000
1246; 8343.000000; 2.000000
1247; 8355.000000; 14.000000
1248; 8379.000000; 14.000000
1249; 8414.000000; 25.000000
1250; 8440.000000; 58.000000
1251; 8499.000000; 69.000000
1252; 8856.000000; 1.000000
1253; 8861.000000; 62.000000
1254; 8926.000000; 1.000000
1255; 10455.000000; 58.000000
1256; 10555.000000; 1.000000
1257; 10567.000000; 27.000000
1258; 10597.000000; 1.000000
1259; 10602.000000; 87.000000
1260; 10809.000000; 1.000000
1261; 11521.000000; 3.000000
1262; 11532.000000; 4.000000
1263; 11544.000000; 4.000000
1264; 11556.000000; 4.000000
1265; 11563.000000; 1.000000
1266; 11569.000000; 8.000000
1267; 11580.000000; 8.000000
1268; 11592.000000; 8.000000
1269; 11604.000000; 8.000000
1270; 11616.000000; 8.000000
1271; 11628.000000; 7.000000
1272; 11639.000000; 8.000000
1273; 11650.000000; 16.000000
1274; 11804.000000; 66.000000
1275; 12457.000000; 72.000000
1276; 12540.000000; 60.000000
1277; 12610.000000; 91.000000
1278; 12705.000000; 79.000000
1279; 12940.000000; 32.000000
1280; 12976.000000; 20.000000
1281; 13004.000000; 3.000000
1282; 13011.000000; 6.000000
1283; 13035.000000; 5.000000
1284; 13050.000000; 27.000000
1285; 13081.000000; 1.000000
1286; 13085.000000; 27.000000
1287; 13116.000000; 42.000000
1288; 13167.000000; 2.000000
1289; 13202.000000; 98.000000
1290; 13303.000000; 1.000000
1291; 13308.000000; 63.000000
1292; 14221.000000; 1.000000
1293; 14227.000000; 97.000000
1294; 14369.000000; 8.000000
1295; 14506.000000; 1.000000
1296; 15367.000000; 3.000000
1297; 16414.000000; 2.000000
1298; 16419.000000; 7.000000
1299; 16431.000000; 42.000000
1300; 16478.000000; 5.000000
1301; 16490.000000; 5.000000
1302; 16501.000000; 6.000000
1303; 17647.000000; 19.000000
1304; 17671.000000; 3.000000
1305; 17684.000000; 2.000000
1306; 17711.000000; 2.000000
1307; 17733.000000; 3.000000
1308; 17744.000000; 4.000000
1309; 17756.000000; 40.000000
1310; 17803.000000; 4.000000
1311; 17816.000000; 3.000000
1312; 17822.000000; 1.000000
1313; 17828.000000; 38.000000
1314; 17869.000000; 1.000000
1315; 17998.000000; 1.000000
1316; 18004.000000; 66.000000
1317; 18099.000000; 77.000000
1318; 18179.000000; 28.000000
1319; 18230.000000; 5.000000
1320; 19326.000000; 8.000000
1321; 19368.000000; 1.000000
1322; 19379.000000; 2.000000
1323; 19388.000000; 8.000000
1324; 19403.000000; 15.000000
1325; 19427.000000; 3.000000
1326; 19438.000000; 4.000000
1327; 19450.000000; 3.000000
1328; 19461.000000; 2.000000
1329; 19473.000000; 3.000000
1330; 19484.000000; 2.000000
1331; 19496.000000; 1.000000
1332; 19508.000000; 3.000000
1333; 19519.000000; 4.000000
1334; 19531.000000; 3.000000
1335; 19542.000000; 4.000000
1336; 19551.000000; 7.000000
1337; 19566.000000; 2.000000
1338; 19572.000000; 9.000000
1339; 19584.000000; 20.000000
1340; 19613.000000; 2.000000
1341; 19618.000000; 1.000000
1342; 19624.000000; 26.000000
1343; 19659.000000; 13.000000
1344; 19677.000000; 7.000000
1345; 19688.000000; 1.000000
1346; 19694.000000; 2.000000
1347; 19706.000000; 2.000000
1348; 19711.000000; 2.000000
1349; 19718.000000; 1.000000
1350; 19723.000000; 20.000000
1351; 19746.000000; 8.000000
1352; 19758.000000; 8.000000
1353; 19770.000000; 8.000000
1354; 19781.000000; 44.000000
1355; 19829.000000; 82.000000
1356; 19919.000000; 4.000000
1357; 20670.000000; 2.000000
1358; 20675.000000; 2.000000
1359; 20681.000000; 3.000000
1360; 20687.000000; 1.000000
1361; 20918.000000; 2.000000
1362; 20923.000000; 2.000000
1363; 20930.000000; 38.000000
1364; 20978.000000; 13.000000
1365; 20994.000000; 1.000000
1366; 21002.000000; 1.000000
1367; 21014.000000; 2.000000
1368; 22031.000000; 2.000000
1369; 22195.000000; 6.000000
1370; 22205.000000; 1.000000
1371; 22211.000000; 14.000000
1372; 22988.000000; 26.000000
1373; 23018.000000; 19.000000
1374; 23041.000000; 8.000000
1375; 23052.000000; 20.000000
1376; 23076.000000; 8.000000
1377; 23087.000000; 20.000000
1378; 23110.000000; 9.000000
1379; 23123.000000; 5.000000
1380; 23135.000000; 20.000000
1381; 23158.000000; 32.000000
1382; 23193.000000; 56.000000
1383; 23250.000000; 10.000000
1384; 24368.000000; 1.000000
1385; 24379.000000; 4.000000
1386; 24391.000000; 5.000000
1387; 24403.000000; 5.000000
1388; 24415.000000; 6.000000
1389; 24426.000000; 7.000000
1390; 24439.000000; 6.000000
1391; 24451.000000; 3.000000
1392; 24462.000000; 4.000000
1393; 24474.000000; 4.000000
1394; 24486.000000; 4.000000
1395; 24498.000000; 5.000000
1396; 24512.000000; 14.000000
1397; 24534.000000; 8.000000
1398; 24546.000000; 8.000000
1399; 24558.000000; 31.000000
1400; 24592.000000; 9.000000
1401; 24604.000000; 56.000000
1402; 24664.000000; 97.000000
1403; 24762.000000; 3.000000
1404; 24781.000000; 8.000000
1405; 24793.000000; 8.000000
1406; 25952.000000; 8.000000
1407; 25964.000000; 8.000000
1408; 25976.000000; 19.000000
1409; 26004.000000; 15.000000
1410; 26028.000000; 12.000000
1411; 26057.000000; 3.000000
1412; 26068.000000; 5.000000
1413; 26079.000000; 18.000000
1414; 26102.000000; 31.000000
1415; 26136.000000; 43.000000
1416; 26182.000000; 44.000000
1417; 26229.000000; 44.000000
1418; 26276.000000; 5.000000
1419; 26289.000000; 7.000000
1420; 26299.000000; 7.000000
1421; 27499.000000; 27.000000
1422; 27529.000000; 1.000000
1423; 27534.000000; 4.000000
1424; 27541.000000; 1.000000
1425; 27545.000000; 28.000000
1426; 27576.000000; 1.000000
1427; 27581.000000; 4.000000
1428; 27617.000000; 2.000000
1429; 27628.000000; 3.000000
1430; 27636.000000; 89.000000
1431; 27732.000000; 1.000000
1432; 28526.000000; 5.000000
1433; 29582.000000; 5.000000
1434; 30462.000000; 7.000000
1435; 30525.000000; 1.000000
1436; 31505.000000; 4.000000
1437; 31515.000000; 4.000000
1438; 31525.000000; 7.000000
1439; 31701.000000; 7.000000
1440; 32500.000000; 8.000000
1441; 33510.000000; 1.000000
1442; 33524.000000; 1.000000
1443; 33534.000000; 85.000000
1444; 33622.000000; 1.000000
1445; 33628.000000; 36.000000
1446; 33928.000000; 1.000000
1447; 33934.000000; 36.000000
1448; 33975.000000; 1.000000
1449; 33981.000000; 38.000000
1450; 34022.000000; 1.000000
1451; 34175.000000; 1.000000
1452; 34928.000000; 1.000000
