noise number; onset time ms; duration ms
1; 83.000000; 1.000000
2; 165.000000; 1.000000
3; 187.000000; 3.000000
4; 329.000000; 4.000000
5; 339.000000; 2.000000
6; 1218.000000; 3.000000
7; 1280.000000; 4.000000
8; 1288.000000; 2.000000
9; 1302.000000; 1.000000
10; 1323.000000; 2.000000
11; 1328.000000; 3.000000
12; 1335.000000; 1.000000
13; 1347.000000; 3.000000
14; 1370.000000; 3.000000
15; 1374.000000; 3.000000
16; 1382.000000; 3.000000
17; 1386.000000; 3.000000
18; 1393.000000; 3.000000
19; 1399.000000; 2.000000
20; 1405.000000; 2.000000
21; 1424.000000; 3.000000
22; 1428.000000; 4.000000
23; 1445.000000; 2.000000
24; 1452.000000; 7.000000
25; 1462.000000; 4.000000
26; 1475.000000; 2.000000
27; 1480.000000; 2.000000
28; 1488.000000; 1.000000
29; 1492.000000; 2.000000
30; 1498.000000; 8.000000
31; 1511.000000; 2.000000
32; 1514.000000; 3.000000
33; 1523.000000; 1.000000
34; 1534.000000; 6.000000
35; 1546.000000; 2.000000
36; 1551.000000; 2.000000
37; 1558.000000; 1.000000
38; 1577.000000; 2.000000
39; 1580.000000; 4.000000
40; 1593.000000; 1.000000
41; 1598.000000; 1.000000
42; 1605.000000; 4.000000
43; 1617.000000; 1.000000
44; 1621.000000; 2.000000
45; 1628.000000; 1.000000
46; 1639.000000; 3.000000
47; 1665.000000; 4.000000
48; 1675.000000; 2.000000
49; 1686.000000; 1.000000
50; 1698.000000; 2.000000
51; 1720.000000; 2.000000
52; 1734.000000; 2.000000
53; 1737.000000; 2.000000
54; 1745.000000; 2.000000
55; 1750.000000; 1.000000
56; 1772.000000; 4.000000
57; 1801.000000; 3.000000
58; 1809.000000; 1.000000
59; 1820.000000; 1.000000
60; 1833.000000; 1.000000
61; 1866.000000; 4.000000
62; 1877.000000; 1.000000
63; 1891.000000; 1.000000
64; 1895.000000; 1.000000
65; 1903.000000; 1.000000
66; 1914.000000; 2.000000
67; 1931.000000; 1.000000
68; 1938.000000; 2.000000
69; 1949.000000; 2.000000
70; 1973.000000; 1.000000
71; 2008.000000; 4.000000
72; 2013.000000; 3.000000
73; 2017.000000; 2.000000
74; 2027.000000; 1.000000
75; 2037.000000; 2.000000
76; 2044.000000; 2.000000
77; 2067.000000; 2.000000
78; 2079.000000; 2.000000
79; 2092.000000; 1.000000
80; 2102.000000; 2.000000
81; 2114.000000; 2.000000
82; 2125.000000; 3.000000
83; 2137.000000; 2.000000
84; 2144.000000; 2.000000
85; 2157.000000; 1.000000
86; 2161.000000; 1.000000
87; 2180.000000; 1.000000
88; 2244.000000; 2.000000
89; 2256.000000; 1.000000
90; 2263.000000; 1.000000
91; 2268.000000; 1.000000
92; 2275.000000; 1.000000
93; 2279.000000; 3.000000
94; 2291.000000; 2.000000
95; 2303.000000; 1.000000
96; 2315.000000; 1.000000
97; 2350.000000; 2.000000
98; 2386.000000; 1.000000
99; 2408.000000; 2.000000
100; 2455.000000; 2.000000
101; 2480.000000; 1.000000
102; 2515.000000; 1.000000
103; 2521.000000; 2.000000
104; 2568.000000; 1.000000
105; 2585.000000; 2.000000
106; 2691.000000; 1.000000
107; 2701.000000; 2.000000
108; 2713.000000; 3.000000
109; 2725.000000; 2.000000
110; 2737.000000; 2.000000
111; 2750.000000; 2.000000
112; 2761.000000; 2.000000
113; 2773.000000; 2.000000
114; 2785.000000; 1.000000
115; 2796.000000; 1.000000
116; 2809.000000; 1.000000
117; 2903.000000; 1.000000
118; 2963.000000; 1.000000
119; 2975.000000; 1.000000
120; 2986.000000; 1.000000
121; 2998.000000; 2.000000
122; 3010.000000; 1.000000
123; 3022.000000; 3.000000
124; 3034.000000; 1.000000
125; 3047.000000; 1.000000
126; 3058.000000; 1.000000
127; 3070.000000; 2.000000
128; 3080.000000; 4.000000
129; 3092.000000; 3.000000
130; 3104.000000; 2.000000
131; 3117.000000; 2.000000
132; 3152.000000; 2.000000
133; 3164.000000; 2.000000
134; 4531.000000; 1.000000
135; 4538.000000; 1.000000
136; 4548.000000; 3.000000
137; 4554.000000; 2.000000
138; 4573.000000; 2.000000
139; 4585.000000; 2.000000
140; 4597.000000; 1.000000
141; 4608.000000; 2.000000
142; 4619.000000; 2.000000
143; 4627.000000; 1.000000
144; 4632.000000; 5.000000
145; 4643.000000; 2.000000
146; 4655.000000; 1.000000
147; 4666.000000; 4.000000
148; 4682.000000; 4.000000
149; 4713.000000; 3.000000
150; 4719.000000; 1.000000
151; 4725.000000; 2.000000
152; 4730.000000; 2.000000
153; 4738.000000; 2.000000
154; 4741.000000; 3.000000
155; 4749.000000; 2.000000
156; 4754.000000; 2.000000
157; 4761.000000; 1.000000
158; 4773.000000; 2.000000
159; 4783.000000; 3.000000
160; 4789.000000; 4.000000
161; 4797.000000; 1.000000
162; 4808.000000; 2.000000
163; 4820.000000; 1.000000
164; 4825.000000; 1.000000
165; 4831.000000; 3.000000
166; 4844.000000; 1.000000
167; 4855.000000; 3.000000
168; 4866.000000; 3.000000
169; 4872.000000; 1.000000
170; 4877.000000; 4.000000
171; 4882.000000; 4.000000
172; 4889.000000; 4.000000
173; 4894.000000; 4.000000
174; 4901.000000; 3.000000
175; 4907.000000; 1.000000
176; 4914.000000; 6.000000
177; 4925.000000; 2.000000
178; 4949.000000; 2.000000
179; 4960.000000; 3.000000
180; 4973.000000; 2.000000
181; 4978.000000; 1.000000
182; 4984.000000; 2.000000
183; 4996.000000; 2.000000
184; 5008.000000; 2.000000
185; 5020.000000; 2.000000
186; 5043.000000; 1.000000
187; 5055.000000; 2.000000
188; 5080.000000; 1.000000
189; 5084.000000; 1.000000
190; 5090.000000; 2.000000
191; 5102.000000; 2.000000
192; 5113.000000; 3.000000
193; 5126.000000; 1.000000
194; 5131.000000; 1.000000
195; 5167.000000; 1.000000
196; 5173.000000; 1.000000
197; 5185.000000; 2.000000
198; 5190.000000; 1.000000
199; 5197.000000; 2.000000
200; 5208.000000; 2.000000
201; 5219.000000; 3.000000
202; 5225.000000; 1.000000
203; 5266.000000; 3.000000
204; 5278.000000; 2.000000
205; 5291.000000; 1.000000
206; 5312.000000; 4.000000
207; 5319.000000; 1.000000
208; 5336.000000; 4.000000
209; 5350.000000; 1.000000
210; 5361.000000; 2.000000
211; 5366.000000; 1.000000
212; 5385.000000; 2.000000
213; 5395.000000; 4.000000
214; 5409.000000; 2.000000
215; 5425.000000; 1.000000
216; 5457.000000; 1.000000
217; 5479.000000; 1.000000
218; 5712.000000; 6.000000
219; 5726.000000; 3.000000
220; 6562.000000; 5.000000
221; 6846.000000; 3.000000
222; 7020.000000; 5.000000
223; 7162.000000; 4.000000
224; 7989.000000; 1.000000
225; 8431.000000; 5.000000
226; 8544.000000; 5.000000
227; 8641.000000; 2.000000
228; 8649.000000; 123.000000
229; 8935.000000; 3.000000
230; 9547.000000; 5.000000
231; 9576.000000; 2.000000
232; 9647.000000; 1.000000
233; 9694.000000; 1.000000
234; 9776.000000; 1.000000
235; 9953.000000; 1.000000
236; 9965.000000; 1.000000
237; 9977.000000; 1.000000
238; 9988.000000; 1.000000
239; 10035.000000; 2.000000
240; 10082.000000; 1.000000
241; 10094.000000; 1.000000
242; 10259.000000; 2.000000
243; 10271.000000; 1.000000
244; 10305.000000; 3.000000
245; 10329.000000; 3.000000
246; 10341.000000; 1.000000
247; 10365.000000; 2.000000
248; 10388.000000; 2.000000
249; 10400.000000; 2.000000
250; 10412.000000; 1.000000
251; 10435.000000; 1.000000
252; 10459.000000; 2.000000
253; 10482.000000; 2.000000
254; 10493.000000; 2.000000
255; 10538.000000; 3.000000
256; 10553.000000; 2.000000
257; 10676.000000; 3.000000
258; 11599.000000; 4.000000
259; 11610.000000; 2.000000
260; 11807.000000; 5.000000
261; 11835.000000; 3.000000
262; 11871.000000; 2.000000
263; 11919.000000; 1.000000
264; 12029.000000; 4.000000
265; 12034.000000; 4.000000
266; 12039.000000; 3.000000
267; 12045.000000; 1.000000
268; 13271.000000; 1.000000
269; 14568.000000; 4.000000
270; 14577.000000; 2.000000
271; 14601.000000; 1.000000
272; 14774.000000; 3.000000
273; 15344.000000; 1.000000
274; 15479.000000; 4.000000
275; 16376.000000; 4.000000
276; 16406.000000; 3.000000
277; 16418.000000; 2.000000
278; 16425.000000; 1.000000
279; 16435.000000; 2.000000
280; 16441.000000; 3.000000
281; 16447.000000; 2.000000
282; 16453.000000; 2.000000
283; 16465.000000; 2.000000
284; 16471.000000; 1.000000
285; 16477.000000; 2.000000
286; 16495.000000; 1.000000
287; 16499.000000; 2.000000
288; 16537.000000; 2.000000
289; 16558.000000; 3.000000
290; 16588.000000; 1.000000
291; 16623.000000; 1.000000
292; 16635.000000; 1.000000
293; 16647.000000; 2.000000
294; 16677.000000; 2.000000
295; 16716.000000; 2.000000
296; 16728.000000; 2.000000
297; 16764.000000; 1.000000
298; 16775.000000; 2.000000
299; 16799.000000; 2.000000
300; 16835.000000; 1.000000
301; 16894.000000; 1.000000
302; 16916.000000; 2.000000
303; 16929.000000; 1.000000
304; 16976.000000; 2.000000
305; 17022.000000; 2.000000
306; 17140.000000; 1.000000
307; 17164.000000; 2.000000
308; 17176.000000; 1.000000
309; 17188.000000; 1.000000
310; 17222.000000; 3.000000
311; 17235.000000; 1.000000
312; 17246.000000; 1.000000
313; 17258.000000; 2.000000
314; 17282.000000; 1.000000
315; 17289.000000; 1.000000
316; 17294.000000; 1.000000
317; 17317.000000; 1.000000
318; 17329.000000; 1.000000
319; 17335.000000; 1.000000
320; 17352.000000; 3.000000
321; 17376.000000; 1.000000
322; 17386.000000; 2.000000
323; 17422.000000; 2.000000
324; 17435.000000; 1.000000
325; 17457.000000; 3.000000
326; 17470.000000; 1.000000
327; 17480.000000; 3.000000
328; 17492.000000; 2.000000
329; 17517.000000; 1.000000
330; 17528.000000; 2.000000
331; 17539.000000; 4.000000
332; 17548.000000; 1.000000
333; 17550.000000; 4.000000
334; 17566.000000; 1.000000
335; 17575.000000; 3.000000
336; 17587.000000; 2.000000
337; 17599.000000; 3.000000
338; 17605.000000; 1.000000
339; 17623.000000; 1.000000
340; 17670.000000; 3.000000
341; 17688.000000; 2.000000
342; 17693.000000; 3.000000
343; 17699.000000; 2.000000
344; 17705.000000; 3.000000
345; 17717.000000; 3.000000
346; 17729.000000; 3.000000
347; 17735.000000; 1.000000
348; 17741.000000; 2.000000
349; 17746.000000; 3.000000
350; 17752.000000; 3.000000
351; 17764.000000; 3.000000
352; 17778.000000; 1.000000
353; 17835.000000; 2.000000
354; 17982.000000; 1.000000
355; 17989.000000; 98.000000
356; 18230.000000; 5.000000
357; 18236.000000; 4.000000
358; 18246.000000; 3.000000
359; 18253.000000; 3.000000
360; 18260.000000; 1.000000
361; 18267.000000; 1.000000
362; 18306.000000; 2.000000
363; 18437.000000; 6.000000
364; 18495.000000; 1.000000
365; 18507.000000; 1.000000
366; 18812.000000; 1.000000
367; 19212.000000; 1.000000
368; 19404.000000; 1.000000
369; 19576.000000; 3.000000
370; 19583.000000; 3.000000
371; 19594.000000; 2.000000
372; 19600.000000; 1.000000
373; 19605.000000; 4.000000
374; 19610.000000; 4.000000
375; 19617.000000; 3.000000
376; 19624.000000; 2.000000
377; 19629.000000; 3.000000
378; 19635.000000; 3.000000
379; 19641.000000; 3.000000
380; 19647.000000; 3.000000
381; 19653.000000; 2.000000
382; 19663.000000; 4.000000
383; 19670.000000; 3.000000
384; 19676.000000; 3.000000
385; 19682.000000; 3.000000
386; 19686.000000; 5.000000
387; 19694.000000; 3.000000
388; 19700.000000; 3.000000
389; 19706.000000; 2.000000
390; 19711.000000; 3.000000
391; 19717.000000; 3.000000
392; 19723.000000; 3.000000
393; 19730.000000; 2.000000
394; 19733.000000; 4.000000
395; 19741.000000; 3.000000
396; 19747.000000; 2.000000
397; 19753.000000; 2.000000
398; 19758.000000; 3.000000
399; 19764.000000; 2.000000
400; 19769.000000; 4.000000
401; 19776.000000; 3.000000
402; 19803.000000; 4.000000
403; 19810.000000; 3.000000
404; 19816.000000; 2.000000
405; 19827.000000; 2.000000
406; 19835.000000; 1.000000
407; 19839.000000; 3.000000
408; 19845.000000; 4.000000
409; 19850.000000; 3.000000
410; 19857.000000; 10.000000
411; 19891.000000; 4.000000
412; 19899.000000; 2.000000
413; 19906.000000; 3.000000
414; 19912.000000; 3.000000
415; 19920.000000; 1.000000
416; 19930.000000; 1.000000
417; 19947.000000; 1.000000
418; 19955.000000; 1.000000
419; 19971.000000; 1.000000
420; 20006.000000; 1.000000
421; 20012.000000; 1.000000
422; 20035.000000; 1.000000
423; 20047.000000; 1.000000
424; 20073.000000; 1.000000
425; 20092.000000; 1.000000
426; 20097.000000; 1.000000
427; 20118.000000; 1.000000
428; 20258.000000; 3.000000
429; 20269.000000; 3.000000
430; 20273.000000; 2.000000
431; 20281.000000; 2.000000
432; 20284.000000; 2.000000
433; 20292.000000; 3.000000
434; 20296.000000; 2.000000
435; 20304.000000; 3.000000
436; 20308.000000; 2.000000
437; 20316.000000; 3.000000
438; 20328.000000; 3.000000
439; 20352.000000; 2.000000
440; 20364.000000; 1.000000
441; 20375.000000; 2.000000
442; 20378.000000; 2.000000
443; 20388.000000; 1.000000
444; 20399.000000; 2.000000
445; 20422.000000; 3.000000
446; 20434.000000; 3.000000
447; 20457.000000; 2.000000
448; 20469.000000; 4.000000
449; 20482.000000; 1.000000
450; 20493.000000; 5.000000
451; 20505.000000; 2.000000
452; 20508.000000; 2.000000
453; 20529.000000; 1.000000
454; 20542.000000; 1.000000
455; 20564.000000; 1.000000
456; 20576.000000; 1.000000
457; 20587.000000; 2.000000
458; 20590.000000; 2.000000
459; 20600.000000; 2.000000
460; 20603.000000; 2.000000
461; 20622.000000; 2.000000
462; 20638.000000; 1.000000
463; 20646.000000; 5.000000
464; 20658.000000; 6.000000
465; 20681.000000; 7.000000
466; 20694.000000; 1.000000
467; 20706.000000; 1.000000
468; 20708.000000; 2.000000
469; 20716.000000; 2.000000
470; 20729.000000; 1.000000
471; 20740.000000; 1.000000
472; 20752.000000; 1.000000
473; 20776.000000; 1.000000
474; 20788.000000; 1.000000
475; 20790.000000; 2.000000
476; 20800.000000; 1.000000
477; 20810.000000; 3.000000
478; 20828.000000; 2.000000
479; 20835.000000; 1.000000
480; 20846.000000; 1.000000
481; 20852.000000; 1.000000
482; 20869.000000; 3.000000
483; 20883.000000; 5.000000
484; 20892.000000; 3.000000
485; 20905.000000; 2.000000
486; 20908.000000; 2.000000
487; 20917.000000; 2.000000
488; 20928.000000; 2.000000
489; 20940.000000; 2.000000
490; 20952.000000; 2.000000
491; 21028.000000; 1.000000
492; 21282.000000; 3.000000
493; 21288.000000; 3.000000
494; 21436.000000; 1.000000
495; 21530.000000; 4.000000
496; 21541.000000; 3.000000
497; 21545.000000; 2.000000
498; 21659.000000; 1.000000
499; 21765.000000; 2.000000
500; 22023.000000; 3.000000
501; 22070.000000; 3.000000
502; 22074.000000; 3.000000
503; 22083.000000; 1.000000
504; 22087.000000; 3.000000
505; 22094.000000; 2.000000
506; 22099.000000; 3.000000
507; 22106.000000; 2.000000
508; 22145.000000; 3.000000
509; 22152.000000; 7.000000
510; 22176.000000; 1.000000
511; 22187.000000; 2.000000
512; 22199.000000; 2.000000
513; 22202.000000; 2.000000
514; 22207.000000; 1.000000
515; 22209.000000; 3.000000
516; 22222.000000; 2.000000
517; 22225.000000; 2.000000
518; 22231.000000; 1.000000
519; 22233.000000; 6.000000
520; 22246.000000; 2.000000
521; 22257.000000; 3.000000
522; 22261.000000; 2.000000
523; 22269.000000; 3.000000
524; 22273.000000; 2.000000
525; 22281.000000; 6.000000
526; 22292.000000; 3.000000
527; 22296.000000; 2.000000
528; 22305.000000; 2.000000
529; 22308.000000; 3.000000
530; 22316.000000; 2.000000
531; 22328.000000; 5.000000
532; 22339.000000; 6.000000
533; 22348.000000; 6.000000
534; 22355.000000; 2.000000
535; 22364.000000; 1.000000
536; 22375.000000; 5.000000
537; 22383.000000; 2.000000
538; 22386.000000; 3.000000
539; 22398.000000; 3.000000
540; 22409.000000; 3.000000
541; 22415.000000; 2.000000
542; 22422.000000; 3.000000
543; 22433.000000; 3.000000
544; 22437.000000; 2.000000
545; 22445.000000; 5.000000
546; 22458.000000; 2.000000
547; 22469.000000; 1.000000
548; 22481.000000; 2.000000
549; 22493.000000; 2.000000
550; 22505.000000; 2.000000
551; 22516.000000; 3.000000
552; 22529.000000; 2.000000
553; 22541.000000; 2.000000
554; 22553.000000; 1.000000
555; 22563.000000; 2.000000
556; 22576.000000; 1.000000
557; 22588.000000; 2.000000
558; 22599.000000; 2.000000
559; 22602.000000; 2.000000
560; 22612.000000; 1.000000
561; 22623.000000; 2.000000
562; 22647.000000; 1.000000
563; 22659.000000; 1.000000
564; 22682.000000; 1.000000
565; 22694.000000; 1.000000
566; 22706.000000; 1.000000
567; 22717.000000; 2.000000
568; 22757.000000; 1.000000
569; 22777.000000; 2.000000
570; 22834.000000; 2.000000
571; 22858.000000; 2.000000
572; 22874.000000; 1.000000
573; 22880.000000; 1.000000
574; 22970.000000; 4.000000
575; 22975.000000; 4.000000
576; 22983.000000; 8.000000
577; 22994.000000; 3.000000
578; 22998.000000; 4.000000
579; 23006.000000; 3.000000
580; 23010.000000; 4.000000
581; 23017.000000; 4.000000
582; 23022.000000; 4.000000
583; 23029.000000; 4.000000
584; 23034.000000; 4.000000
585; 23042.000000; 2.000000
586; 23087.000000; 3.000000
587; 23091.000000; 3.000000
588; 23098.000000; 4.000000
589; 23103.000000; 4.000000
590; 23111.000000; 3.000000
591; 23115.000000; 3.000000
592; 23123.000000; 1.000000
593; 23127.000000; 3.000000
594; 23135.000000; 1.000000
595; 23139.000000; 3.000000
596; 23147.000000; 5.000000
597; 23158.000000; 2.000000
598; 23161.000000; 4.000000
599; 23169.000000; 2.000000
600; 23175.000000; 2.000000
601; 23182.000000; 1.000000
602; 23187.000000; 2.000000
603; 23193.000000; 2.000000
604; 23239.000000; 2.000000
605; 23248.000000; 3.000000
606; 23256.000000; 1.000000
607; 23279.000000; 2.000000
608; 23284.000000; 4.000000
609; 23291.000000; 3.000000
610; 23297.000000; 1.000000
611; 23309.000000; 1.000000
612; 23315.000000; 2.000000
613; 23320.000000; 1.000000
614; 23327.000000; 1.000000
615; 23338.000000; 1.000000
616; 23362.000000; 2.000000
617; 23367.000000; 1.000000
618; 23427.000000; 1.000000
619; 23434.000000; 1.000000
620; 23438.000000; 2.000000
621; 23445.000000; 1.000000
622; 23450.000000; 2.000000
623; 23456.000000; 2.000000
624; 23461.000000; 2.000000
625; 23468.000000; 1.000000
626; 23480.000000; 1.000000
627; 23492.000000; 2.000000
628; 23495.000000; 2.000000
629; 23504.000000; 2.000000
630; 23515.000000; 3.000000
631; 23519.000000; 2.000000
632; 23527.000000; 2.000000
633; 23539.000000; 2.000000
634; 23551.000000; 1.000000
635; 23563.000000; 1.000000
636; 23578.000000; 2.000000
637; 23586.000000; 1.000000
638; 23617.000000; 2.000000
639; 23620.000000; 2.000000
640; 23640.000000; 1.000000
641; 23679.000000; 2.000000
642; 23711.000000; 1.000000
643; 23745.000000; 2.000000
644; 23758.000000; 1.000000
645; 23763.000000; 1.000000
646; 23773.000000; 3.000000
647; 23784.000000; 4.000000
648; 23797.000000; 2.000000
649; 23804.000000; 1.000000
650; 23808.000000; 3.000000
651; 23821.000000; 2.000000
652; 23826.000000; 1.000000
653; 23831.000000; 4.000000
654; 23845.000000; 1.000000
655; 23857.000000; 1.000000
656; 23867.000000; 3.000000
657; 23874.000000; 2.000000
658; 23916.000000; 1.000000
659; 23939.000000; 1.000000
660; 23946.000000; 1.000000
661; 23950.000000; 2.000000
662; 23981.000000; 1.000000
663; 23997.000000; 3.000000
664; 24009.000000; 2.000000
665; 24020.000000; 4.000000
666; 24032.000000; 3.000000
667; 24038.000000; 1.000000
668; 24044.000000; 3.000000
669; 24057.000000; 2.000000
670; 24069.000000; 1.000000
671; 24080.000000; 2.000000
672; 24085.000000; 1.000000
673; 24091.000000; 3.000000
674; 24104.000000; 2.000000
675; 24115.000000; 2.000000
676; 24133.000000; 2.000000
677; 24138.000000; 2.000000
678; 24151.000000; 1.000000
679; 24162.000000; 2.000000
680; 24186.000000; 2.000000
681; 24198.000000; 1.000000
682; 24208.000000; 3.000000
683; 24217.000000; 1.000000
684; 24221.000000; 1.000000
685; 24244.000000; 2.000000
686; 24255.000000; 2.000000
687; 24269.000000; 1.000000
688; 24280.000000; 2.000000
689; 24292.000000; 2.000000
690; 24303.000000; 3.000000
691; 24316.000000; 1.000000
692; 24327.000000; 1.000000
693; 24337.000000; 4.000000
694; 24760.000000; 1.000000
695; 25987.000000; 6.000000
696; 25998.000000; 2.000000
697; 26140.000000; 3.000000
698; 26144.000000; 7.000000
699; 26154.000000; 1.000000
700; 26158.000000; 4.000000
701; 26172.000000; 2.000000
702; 26177.000000; 1.000000
703; 26184.000000; 1.000000
704; 26189.000000; 2.000000
705; 26222.000000; 1.000000
706; 26230.000000; 6.000000
707; 26242.000000; 2.000000
708; 26245.000000; 2.000000
709; 26253.000000; 3.000000
710; 26257.000000; 2.000000
711; 26265.000000; 1.000000
712; 26269.000000; 1.000000
713; 26276.000000; 3.000000
714; 26280.000000; 3.000000
715; 26289.000000; 1.000000
716; 26291.000000; 4.000000
717; 26298.000000; 3.000000
718; 26305.000000; 1.000000
719; 26311.000000; 4.000000
720; 26343.000000; 5.000000
721; 26351.000000; 1.000000
722; 26358.000000; 1.000000
723; 26364.000000; 1.000000
724; 26381.000000; 1.000000
725; 26387.000000; 1.000000
726; 26405.000000; 2.000000
727; 26451.000000; 2.000000
728; 26457.000000; 1.000000
729; 26468.000000; 1.000000
730; 26492.000000; 1.000000
731; 26499.000000; 1.000000
732; 26505.000000; 1.000000
733; 26528.000000; 1.000000
734; 26550.000000; 2.000000
735; 26563.000000; 2.000000
736; 26568.000000; 2.000000
737; 26574.000000; 2.000000
738; 26610.000000; 1.000000
739; 26616.000000; 1.000000
740; 26645.000000; 1.000000
741; 26663.000000; 2.000000
742; 26680.000000; 2.000000
743; 26685.000000; 1.000000
744; 26692.000000; 2.000000
745; 26703.000000; 2.000000
746; 26714.000000; 3.000000
747; 26727.000000; 3.000000
748; 26750.000000; 2.000000
749; 26757.000000; 1.000000
750; 26761.000000; 4.000000
751; 26787.000000; 1.000000
752; 26810.000000; 2.000000
753; 26821.000000; 2.000000
754; 26844.000000; 3.000000
755; 26857.000000; 1.000000
756; 26879.000000; 3.000000
757; 26892.000000; 2.000000
758; 26903.000000; 2.000000
759; 26916.000000; 1.000000
760; 26920.000000; 2.000000
761; 26927.000000; 2.000000
762; 26939.000000; 1.000000
763; 26951.000000; 2.000000
764; 26963.000000; 2.000000
765; 27016.000000; 2.000000
766; 27044.000000; 2.000000
767; 27052.000000; 1.000000
768; 27057.000000; 1.000000
769; 27069.000000; 1.000000
770; 27081.000000; 1.000000
771; 27097.000000; 2.000000
772; 27103.000000; 2.000000
773; 27112.000000; 1.000000
774; 27116.000000; 1.000000
775; 27127.000000; 2.000000
776; 27138.000000; 3.000000
777; 27151.000000; 1.000000
778; 27158.000000; 1.000000
779; 27162.000000; 2.000000
780; 27173.000000; 3.000000
781; 27185.000000; 4.000000
782; 27198.000000; 2.000000
783; 27210.000000; 2.000000
784; 27215.000000; 1.000000
785; 27222.000000; 1.000000
786; 27234.000000; 1.000000
787; 27245.000000; 1.000000
788; 27252.000000; 2.000000
789; 27280.000000; 1.000000
790; 27288.000000; 1.000000
791; 27293.000000; 1.000000
792; 27316.000000; 1.000000
793; 27322.000000; 1.000000
794; 27339.000000; 2.000000
795; 27351.000000; 2.000000
796; 27363.000000; 2.000000
797; 27386.000000; 3.000000
798; 27398.000000; 2.000000
799; 27410.000000; 2.000000
800; 27434.000000; 1.000000
801; 27446.000000; 1.000000
802; 27552.000000; 2.000000
803; 27557.000000; 1.000000
804; 27720.000000; 1.000000
805; 27911.000000; 2.000000
806; 28107.000000; 2.000000
807; 28249.000000; 2.000000
808; 28522.000000; 3.000000
809; 28532.000000; 1.000000
810; 28539.000000; 3.000000
811; 28543.000000; 2.000000
812; 28550.000000; 3.000000
813; 28556.000000; 4.000000
814; 28561.000000; 4.000000
815; 28570.000000; 2.000000
816; 28573.000000; 3.000000
817; 28582.000000; 1.000000
818; 28587.000000; 1.000000
819; 28598.000000; 2.000000
820; 28609.000000; 2.000000
821; 28656.000000; 2.000000
822; 28687.000000; 1.000000
823; 28691.000000; 2.000000
824; 28703.000000; 2.000000
825; 28733.000000; 2.000000
826; 28739.000000; 2.000000
827; 28746.000000; 1.000000
828; 28750.000000; 3.000000
829; 28769.000000; 1.000000
830; 28791.000000; 3.000000
831; 28797.000000; 2.000000
832; 28816.000000; 1.000000
833; 28828.000000; 1.000000
834; 28833.000000; 2.000000
835; 28838.000000; 2.000000
836; 28844.000000; 2.000000
837; 28849.000000; 2.000000
838; 28856.000000; 2.000000
839; 28861.000000; 2.000000
840; 28868.000000; 3.000000
841; 28874.000000; 1.000000
842; 28880.000000; 2.000000
843; 28885.000000; 1.000000
844; 28892.000000; 2.000000
845; 28897.000000; 1.000000
846; 28903.000000; 4.000000
847; 28925.000000; 3.000000
848; 28931.000000; 4.000000
849; 28938.000000; 2.000000
850; 28943.000000; 1.000000
851; 28950.000000; 1.000000
852; 28956.000000; 1.000000
853; 28963.000000; 1.000000
854; 28965.000000; 3.000000
855; 28974.000000; 2.000000
856; 28979.000000; 1.000000
857; 28990.000000; 2.000000
858; 28997.000000; 2.000000
859; 29003.000000; 2.000000
860; 29008.000000; 3.000000
861; 29034.000000; 1.000000
862; 29038.000000; 1.000000
863; 29044.000000; 3.000000
864; 29048.000000; 3.000000
865; 29057.000000; 2.000000
866; 29060.000000; 3.000000
867; 29069.000000; 2.000000
868; 29080.000000; 2.000000
869; 29092.000000; 2.000000
870; 29097.000000; 2.000000
871; 29104.000000; 2.000000
872; 29109.000000; 1.000000
873; 29116.000000; 2.000000
874; 29119.000000; 3.000000
875; 29127.000000; 2.000000
876; 29139.000000; 7.000000
877; 29150.000000; 3.000000
878; 29154.000000; 3.000000
879; 29162.000000; 3.000000
880; 29166.000000; 2.000000
881; 29173.000000; 3.000000
882; 29179.000000; 2.000000
883; 29186.000000; 6.000000
884; 29199.000000; 2.000000
885; 29202.000000; 2.000000
886; 29210.000000; 6.000000
887; 29221.000000; 2.000000
888; 29233.000000; 1.000000
889; 29246.000000; 1.000000
890; 29248.000000; 3.000000
891; 29256.000000; 3.000000
892; 29260.000000; 3.000000
893; 29269.000000; 1.000000
894; 29274.000000; 1.000000
895; 29280.000000; 3.000000
896; 29284.000000; 2.000000
897; 29292.000000; 2.000000
898; 29304.000000; 1.000000
899; 29309.000000; 1.000000
900; 29316.000000; 1.000000
901; 29321.000000; 1.000000
902; 29327.000000; 2.000000
903; 29333.000000; 1.000000
904; 29339.000000; 2.000000
905; 29344.000000; 1.000000
906; 29349.000000; 4.000000
907; 29363.000000; 2.000000
908; 29368.000000; 1.000000
909; 29374.000000; 3.000000
910; 29378.000000; 2.000000
911; 29385.000000; 4.000000
912; 29390.000000; 2.000000
913; 29398.000000; 2.000000
914; 29409.000000; 2.000000
915; 29415.000000; 3.000000
916; 29423.000000; 2.000000
917; 29659.000000; 5.000000
918; 30506.000000; 4.000000
919; 30590.000000; 2.000000
920; 30872.000000; 3.000000
921; 30882.000000; 1.000000
922; 30896.000000; 1.000000
923; 31476.000000; 1.000000
924; 31482.000000; 2.000000
925; 31488.000000; 3.000000
926; 31496.000000; 1.000000
927; 31517.000000; 3.000000
928; 31563.000000; 4.000000
929; 31583.000000; 1.000000
930; 31596.000000; 1.000000
931; 31600.000000; 1.000000
932; 31612.000000; 2.000000
933; 31624.000000; 2.000000
934; 31629.000000; 3.000000
935; 31635.000000; 3.000000
936; 31643.000000; 1.000000
937; 31648.000000; 1.000000
938; 31658.000000; 3.000000
939; 31666.000000; 1.000000
940; 31670.000000; 3.000000
941; 31682.000000; 3.000000
942; 31689.000000; 2.000000
943; 31694.000000; 2.000000
944; 31705.000000; 2.000000
945; 31717.000000; 3.000000
946; 31725.000000; 1.000000
947; 31729.000000; 2.000000
948; 31737.000000; 1.000000
949; 31739.000000; 4.000000
950; 31753.000000; 1.000000
951; 31760.000000; 1.000000
952; 31764.000000; 4.000000
953; 31772.000000; 1.000000
954; 31777.000000; 1.000000
955; 31783.000000; 1.000000
956; 31787.000000; 4.000000
957; 31796.000000; 5.000000
958; 31807.000000; 2.000000
959; 31810.000000; 3.000000
960; 31823.000000; 2.000000
961; 31834.000000; 3.000000
962; 31847.000000; 2.000000
963; 31871.000000; 1.000000
964; 31882.000000; 2.000000
965; 31894.000000; 3.000000
966; 31905.000000; 3.000000
967; 31912.000000; 3.000000
968; 31916.000000; 4.000000
969; 31928.000000; 4.000000
970; 31941.000000; 3.000000
971; 31953.000000; 3.000000
972; 31961.000000; 1.000000
973; 31965.000000; 1.000000
974; 31973.000000; 1.000000
975; 31975.000000; 3.000000
976; 31989.000000; 2.000000
977; 32000.000000; 2.000000
978; 32012.000000; 2.000000
979; 32024.000000; 2.000000
980; 32035.000000; 4.000000
981; 32048.000000; 1.000000
982; 32059.000000; 2.000000
983; 32071.000000; 2.000000
984; 32083.000000; 2.000000
985; 32117.000000; 4.000000
986; 32129.000000; 2.000000
987; 32142.000000; 2.000000
988; 32188.000000; 2.000000
989; 32201.000000; 2.000000
990; 32213.000000; 1.000000
991; 32224.000000; 2.000000
992; 32236.000000; 2.000000
993; 32247.000000; 3.000000
994; 32293.000000; 3.000000
995; 32307.000000; 2.000000
996; 32319.000000; 2.000000
997; 32342.000000; 2.000000
998; 32354.000000; 2.000000
999; 32487.000000; 5.000000
1000; 32495.000000; 4.000000
1001; 32504.000000; 1.000000
1002; 32509.000000; 2.000000
1003; 32539.000000; 1.000000
1004; 32558.000000; 1.000000
1005; 32562.000000; 2.000000
1006; 32567.000000; 2.000000
1007; 32575.000000; 1.000000
1008; 32586.000000; 2.000000
1009; 32591.000000; 1.000000
1010; 32597.000000; 2.000000
1011; 32602.000000; 2.000000
1012; 32610.000000; 2.000000
1013; 32615.000000; 1.000000
1014; 32622.000000; 1.000000
1015; 32633.000000; 4.000000
1016; 32644.000000; 2.000000
1017; 32649.000000; 3.000000
1018; 32656.000000; 3.000000
1019; 32660.000000; 3.000000
1020; 32667.000000; 3.000000
1021; 32671.000000; 4.000000
1022; 32680.000000; 2.000000
1023; 32685.000000; 2.000000
1024; 32691.000000; 3.000000
1025; 32703.000000; 3.000000
1026; 32716.000000; 2.000000
1027; 32721.000000; 1.000000
1028; 32727.000000; 2.000000
1029; 32762.000000; 2.000000
1030; 32780.000000; 1.000000
1031; 32786.000000; 2.000000
1032; 32798.000000; 2.000000
1033; 32810.000000; 1.000000
1034; 32821.000000; 2.000000
1035; 32826.000000; 2.000000
1036; 32833.000000; 2.000000
1037; 32836.000000; 3.000000
1038; 32844.000000; 3.000000
1039; 32848.000000; 3.000000
1040; 32856.000000; 2.000000
1041; 32869.000000; 1.000000
1042; 32879.000000; 3.000000
1043; 32885.000000; 1.000000
1044; 32891.000000; 7.000000
1045; 32916.000000; 1.000000
1046; 32925.000000; 5.000000
1047; 32933.000000; 3.000000
1048; 32939.000000; 1.000000
1049; 32945.000000; 1.000000
1050; 32952.000000; 1.000000
1051; 32959.000000; 1.000000
1052; 32963.000000; 2.000000
1053; 32968.000000; 1.000000
1054; 32998.000000; 1.000000
1055; 33005.000000; 1.000000
1056; 33022.000000; 1.000000
1057; 33035.000000; 1.000000
1058; 33046.000000; 1.000000
1059; 33056.000000; 3.000000
1060; 33062.000000; 1.000000
1061; 33069.000000; 1.000000
1062; 33091.000000; 3.000000
1063; 33102.000000; 4.000000
1064; 33109.000000; 2.000000
1065; 33116.000000; 1.000000
1066; 33121.000000; 1.000000
1067; 33127.000000; 2.000000
1068; 33138.000000; 3.000000
1069; 33145.000000; 1.000000
1070; 33150.000000; 3.000000
1071; 33163.000000; 1.000000
1072; 33169.000000; 1.000000
1073; 33173.000000; 3.000000
1074; 33186.000000; 2.000000
1075; 33209.000000; 2.000000
1076; 33217.000000; 1.000000
1077; 33222.000000; 1.000000
1078; 33234.000000; 2.000000
1079; 33246.000000; 1.000000
1080; 33258.000000; 2.000000
1081; 33263.000000; 1.000000
1082; 33269.000000; 2.000000
1083; 33276.000000; 1.000000
1084; 33280.000000; 2.000000
1085; 33293.000000; 1.000000
1086; 33305.000000; 1.000000
1087; 33311.000000; 1.000000
1088; 33315.000000; 3.000000
1089; 33321.000000; 1.000000
1090; 33329.000000; 1.000000
1091; 33333.000000; 3.000000
1092; 33340.000000; 2.000000
1093; 33351.000000; 2.000000
1094; 33359.000000; 1.000000
1095; 33364.000000; 1.000000
1096; 33374.000000; 3.000000
1097; 33380.000000; 3.000000
1098; 33386.000000; 1.000000
1099; 33397.000000; 4.000000
1100; 33404.000000; 1.000000
1101; 33458.000000; 2.000000
1102; 33472.000000; 2.000000
1103; 33622.000000; 3.000000
1104; 34505.000000; 2.000000
1105; 34518.000000; 3.000000
1106; 35102.000000; 1.000000
1107; 35181.000000; 56.000000
1108; 327.000000; 1.000000
1109; 1238.000000; 23.000000
1110; 1612.000000; 8.000000
1111; 1658.000000; 95.000000
1112; 1787.000000; 49.000000
1113; 1893.000000; 92.000000
1114; 2967.000000; 37.000000
1115; 3017.000000; 35.000000
1116; 3062.000000; 26.000000
1117; 3107.000000; 9.000000
1118; 3158.000000; 52.000000
1119; 3215.000000; 80.000000
1120; 3299.000000; 91.000000
1121; 3402.000000; 27.000000
1122; 3458.000000; 66.000000
1123; 4525.000000; 93.000000
1124; 5481.000000; 1.000000
1125; 6577.000000; 94.000000
1126; 8094.000000; 34.000000
1127; 8149.000000; 52.000000
1128; 8208.000000; 17.000000
1129; 8260.000000; 46.000000
1130; 8312.000000; 93.000000
1131; 8444.000000; 93.000000
1132; 8563.000000; 64.000000
1133; 8773.000000; 1.000000
1134; 11733.000000; 53.000000
1135; 12969.000000; 16.000000
1136; 13029.000000; 53.000000
1137; 13086.000000; 56.000000
1138; 13158.000000; 76.000000
1139; 16415.000000; 72.000000
1140; 16528.000000; 22.000000
1141; 16615.000000; 7.000000
1142; 17124.000000; 94.000000
1143; 17384.000000; 13.000000
1144; 17581.000000; 1.000000
1145; 17980.000000; 1.000000
1146; 17984.000000; 4.000000
1147; 18088.000000; 2.000000
1148; 18122.000000; 82.000000
1149; 18228.000000; 1.000000
1150; 19391.000000; 7.000000
1151; 19420.000000; 40.000000
1152; 19469.000000; 42.000000
1153; 19515.000000; 17.000000
1154; 19615.000000; 25.000000
1155; 19668.000000; 89.000000
1156; 19896.000000; 2.000000
1157; 20337.000000; 1.000000
1158; 20606.000000; 37.000000
1159; 20784.000000; 1.000000
1160; 20920.000000; 7.000000
1161; 22992.000000; 49.000000
1162; 23095.000000; 2.000000
1163; 23131.000000; 1.000000
1164; 23178.000000; 19.000000
1165; 23277.000000; 42.000000
1166; 24454.000000; 25.000000
1167; 24496.000000; 41.000000
1168; 24544.000000; 41.000000
1169; 25928.000000; 1.000000
1170; 25994.000000; 1.000000
1171; 26013.000000; 1.000000
1172; 26037.000000; 26.000000
1173; 26071.000000; 13.000000
1174; 26152.000000; 5.000000
1175; 26217.000000; 1.000000
1176; 26296.000000; 14.000000
1177; 26366.000000; 45.000000
1178; 28554.000000; 60.000000
1179; 29372.000000; 25.000000
1180; 30501.000000; 86.000000
1181; 31480.000000; 23.000000
1182; 31568.000000; 8.000000
1183; 31794.000000; 1.000000
1184; 35072.000000; 3.000000
