saccade number; onset time ms; amplitude degree; duration ms; onset coord X; onset coord Y; offset coord X; offset coord Y; [(coord_x, coord_y, sample_number); ...]
1; 5535.000000; 4.352745; 12.000000; -7.318857; 7.735334; -4.262444; 4.636185; (-7.318857, 7.735334, 5535); (-7.057427, 7.477330, 5536); (-6.778045, 7.169086, 5537); (-6.474772, 6.825122, 5538); (-6.209475, 6.486556, 5539); (-5.935054, 6.171132, 5540); (-5.681046, 5.917340, 5541); (-5.453428, 5.666270, 5542); (-5.255230, 5.417940, 5543); (-5.048024, 5.178285, 5544); (-4.808093, 4.968067, 5545); (-4.553165, 4.814019, 5546); (-4.262444, 4.636185, 5547)
2; 5546.000000; 5.190099; 12.000000; -4.553165; 4.814019; -1.625928; 0.528181; (-4.553165, 4.814019, 5546); (-4.262444, 4.636185, 5547); (-3.935866, 4.404867, 5548); (-3.582280, 4.084345, 5549); (-3.207595, 3.650642, 5550); (-2.853475, 3.118344, 5551); (-2.525942, 2.528920, 5552); (-2.272734, 1.938961, 5553); (-2.111825, 1.455954, 5554); (-2.016455, 1.104001, 5555); (-1.906172, 0.853405, 5556); (-1.775004, 0.668420, 5557); (-1.625928, 0.528181, 5558)
3; 10520.000000; 8.963585; 21.000000; -9.101914; -8.314675; -3.600114; -1.238232; (-9.101914, -8.314675, 10520); (-8.991321, -7.981318, 10521); (-8.813648, -7.547726, 10522); (-8.635801, -7.113262, 10523); (-8.431511, -6.583756, 10524); (-8.235774, -6.056070, 10525); (-7.940340, -5.565780, 10526); (-7.550659, -5.201962, 10527); (-7.133831, -4.896976, 10528); (-6.748618, -4.651008, 10529); (-6.489502, -4.416732, 10530); (-6.256659, -4.185278, 10531); (-6.094429, -3.912104, 10532); (-5.861238, -3.576334, 10533); (-5.601252, -3.207596, 10534); (-5.332159, -2.817753, 10535); (-5.092437, -2.350195, 10536); (-4.849575, -1.918095, 10537); (-4.550199, -1.566291, 10538); (-4.214960, -1.375432, 10539); (-3.888342, -1.297885, 10540); (-3.600114, -1.238232, 10541)
4; 14338.000000; 4.179835; 10.000000; 2.954676; -1.694506; 5.299615; -5.154605; (2.954676, -1.694506, 14338); (3.216520, -2.046260, 14339); (3.460391, -2.525942, 14340); (3.689276, -3.023125, 14341); (3.932896, -3.561471, 14342); (4.176373, -4.087314, 14343); (4.410800, -4.410799, 14344); (4.618396, -4.615431, 14345); (4.840686, -4.816981, 14346); (5.059869, -4.976952, 14347); (5.299615, -5.154605, 14348)
5; 14354.000000; 4.445885; 15.000000; 6.610260; -6.772160; 8.209466; -10.786766; (6.610260, -6.772160, 14354); (6.816296, -7.263072, 14355); (7.060366, -7.588779, 14356); (7.260136, -7.811504, 14357); (7.483198, -8.045693, 14358); (7.662069, -8.300066, 14359); (7.937413, -8.507417, 14360); (8.189001, -8.726204, 14361); (8.373102, -8.976764, 14362); (8.413991, -9.279305, 14363); (8.349733, -9.558111, 14364); (8.273767, -9.932036, 14365); (8.235773, -10.354208, 14366); (8.241620, -10.706115, 14367); (8.267922, -10.835711, 14368); (8.209466, -10.786766, 14369)
6; 15319.000000; 5.273093; 12.000000; 8.282535; -8.285456; 4.630255; -4.517579; (8.282535, -8.285456, 15319); (7.954976, -8.115897, 15320); (7.638619, -7.793927, 15321); (7.321794, -7.368760, 15322); (6.980998, -7.036852, 15323); (6.657369, -6.677976, 15324); (6.401105, -6.271401, 15325); (6.174082, -5.790357, 15326); (5.905530, -5.349908, 15327); (5.604208, -4.846611, 15328); (5.258191, -4.585782, 15329); (4.947334, -4.481989, 15330); (4.630255, -4.517579, 15331)
7; 21019.000000; 5.144833; 12.000000; 6.371633; 7.089755; 2.147585; 4.152626; (6.371633, 7.089755, 21019); (6.061972, 6.778045, 21020); (5.766725, 6.433521, 21021); (5.465257, 6.091479, 21022); (5.154605, 5.746047, 21023); (4.843649, 5.438642, 21024); (4.505715, 5.148685, 21025); (4.149657, 4.911788, 21026); (3.775451, 4.674723, 21027); (3.344419, 4.449362, 21028); (2.910031, 4.253542, 21029); (2.499135, 4.188247, 21030); (2.147585, 4.152626, 21031)
8; 21044.000000; 4.740493; 11.000000; -2.359132; -1.226301; -5.946863; -4.324762; (-2.359132, -1.226301, 21044); (-2.659954, -1.470865, 21045); (-2.901101, -1.855496, 21046); (-3.118343, -2.329341, 21047); (-3.377131, -2.790960, 21048); (-3.736824, -3.198671, 21049); (-4.152627, -3.522826, 21050); (-4.535371, -3.760595, 21051); (-4.855500, -3.935866, 21052); (-5.190125, -4.114033, 21053); (-5.559870, -4.214960, 21054); (-5.946863, -4.324762, 21055)
9; 21054.000000; 4.392801; 12.000000; -5.559870; -4.214960; -8.501578; -7.477330; (-5.559870, -4.214960, 21054); (-5.946863, -4.324762, 21055); (-6.238966, -4.496819, 21056); (-6.433521, -4.814019, 21057); (-6.536633, -5.246353, 21058); (-6.666202, -5.681046, 21059); (-6.901603, -6.112131, 21060); (-7.216083, -6.454147, 21061); (-7.556524, -6.742732, 21062); (-7.799787, -6.975118, 21063); (-8.022285, -7.186710, 21064); (-8.227003, -7.345278, 21065); (-8.501578, -7.477330, 21066)
10; 21966.000000; 15.368162; 34.000000; -9.110644; -8.449031; -0.167111; 4.048714; (-9.110644, -8.449031, 21966); (-8.965118, -8.218235, 21967); (-8.863180, -7.878860, 21968); (-8.691216, -7.377564, 21969); (-8.478226, -6.866307, 21970); (-8.270844, -6.392263, 21971); (-8.107123, -5.902578, 21972); (-7.902283, -5.441600, 21973); (-7.606372, -5.045064, 21974); (-7.210210, -4.772532, 21975); (-6.792758, -4.484954, 21976); (-6.442360, -4.182311, 21977); (-6.236016, -3.879431, 21978); (-6.100331, -3.591197, 21979); (-5.955719, -3.246267, 21980); (-5.746047, -2.823707, 21981); (-5.506653, -2.341258, 21982); (-5.281862, -1.822704, 21983); (-5.056909, -1.291920, 21984); (-4.811055, -0.769865, 21985); (-4.523510, -0.373014, 21986); (-4.197152, -0.113397, 21987); (-3.870520, 0.074604, 21988); (-3.600114, 0.325269, 21989); (-3.424711, 0.677372, 21990); (-3.308729, 1.139797, 21991); (-3.142146, 1.643818, 21992); (-2.889196, 2.159505, 21993); (-2.618264, 2.704618, 21994); (-2.311465, 3.246267, 21995); (-1.927037, 3.689276, 21996); (-1.447008, 3.926956, 21997); (-0.966775, 4.001204, 21998); (-0.558020, 4.024960, 21999); (-0.167111, 4.048714, 22000)
11; 27464.000000; 6.798964; 15.000000; -6.521905; 7.767563; -1.980690; 2.707595; (-6.521905, 7.767563, 27464); (-6.197677, 7.445057, 27465); (-5.855332, 7.077999, 27466); (-5.480042, 6.698583, 27467); (-5.127963, 6.289093, 27468); (-4.769569, 5.858285, 27469); (-4.428598, 5.426812, 27470); (-4.090282, 5.009529, 27471); (-3.820017, 4.630255, 27472); (-3.579306, 4.286186, 27473); (-3.341444, 3.888342, 27474); (-3.049906, 3.504988, 27475); (-2.737370, 3.115368, 27476); (-2.469350, 2.901101, 27477); (-2.248898, 2.814776, 27478); (-1.980690, 2.707595, 27479)
12; 27480.000000; 4.976041; 10.000000; -1.614000; 2.406797; 1.417185; -1.491740; (-1.614000, 2.406797, 27480); (-1.169627, 1.810779, 27481); (-0.748980, 1.148746, 27482); (-0.373014, 0.489389, 27483); (-0.062667, -0.050731, 27484); (0.208890, -0.501325, 27485); (0.459550, -0.895174, 27486); (0.704225, -1.160677, 27487); (0.939925, -1.438061, 27488); (1.148746, -1.539454, 27489); (1.417185, -1.491740, 27490)
13; 28442.000000; 8.580573; 20.000000; 9.662546; -9.104825; 4.363333; -2.356153; (9.662546, -9.104825, 28442); (9.656746, -8.778675, 28443); (9.636444, -8.419831, 28444); (9.482645, -8.057395, 28445); (9.215348, -7.708962, 28446); (8.880659, -7.439191, 28447); (8.489902, -7.219022, 28448); (8.127596, -7.010396, 28449); (7.782211, -6.716242, 28450); (7.494931, -6.324469, 28451); (7.166147, -5.908484, 28452); (6.851599, -5.512566, 28453); (6.583757, -5.130924, 28454); (6.374580, -4.651008, 28455); (6.177031, -4.111064, 28456); (5.961624, -3.606059, 28457); (5.630807, -3.055858, 28458); (5.290739, -2.737370, 28459); (4.935485, -2.567638, 28460); (4.653972, -2.555725, 28461); (4.363333, -2.356153, 28462)
14; 28461.000000; 4.274259; 7.000000; 4.653972; -2.555725; 2.406797; 1.080137; (4.653972, -2.555725, 28461); (4.363333, -2.356153, 28462); (4.042776, -1.941941, 28463); (3.704135, -1.563309, 28464); (3.383079, -1.145763, 28465); (3.121319, -0.566971, 28466); (2.755234, 0.358094, 28467); (2.406797, 1.080137, 28468)
15; 28472.000000; 4.053735; 9.000000; 1.032406; 1.748172; -1.646800; 4.790313; (1.032406, 1.748172, 28472); (0.659469, 2.117785, 28473); (0.301397, 2.525942, 28474); (-0.047746, 2.975509, 28475); (-0.384951, 3.359289, 28476); (-0.743014, 3.760595, 28477); (-1.068203, 4.161531, 28478); (-1.309817, 4.473091, 28479); (-1.476830, 4.674723, 28480); (-1.646800, 4.790313, 28481)
16; 30489.000000; 4.471710; 10.000000; -2.588484; -9.816180; 1.587165; -10.108559; (-2.588484, -9.816180, 30489); (-2.567637, -9.258958, 30490); (-2.207182, -8.664968, 30491); (-1.625928, -8.627051, 30492); (-1.062237, -8.685382, 30493); (-0.629631, -8.810732, 30494); (0.035810, -9.174637, 30495); (0.599793, -9.653846, 30496); (1.050305, -10.114343, 30497); (1.321746, -10.227097, 30498); (1.587165, -10.108559, 30499)
17; 31465.000000; 8.332344; 20.000000; 10.160611; -9.885703; 9.427477; -1.605055; (10.160611, -9.885703, 31465); (10.195302, -9.581324, 31466); (10.310886, -9.226979, 31467); (10.354209, -8.799076, 31468); (10.310886, -8.402308, 31469); (10.172175, -7.990097, 31470); (10.015981, -7.612234, 31471); (9.903080, -7.292435, 31472); (9.856739, -6.948655, 31473); (9.874119, -6.586702, 31474); (9.911767, -6.064923, 31475); (9.888600, -5.556912, 31476); (9.874119, -5.036180, 31477); (9.894392, -4.473092, 31478); (9.963882, -3.906164, 31479); (9.989934, -3.329549, 31480); (9.937827, -2.790960, 31481); (9.787204, -2.245917, 31482); (9.624842, -1.873381, 31483); (9.485549, -1.703451, 31484); (9.427477, -1.605055, 31485)
