saccade number; onset time ms; amplitude degree; duration ms; onset coord X; onset coord Y; offset coord X; offset coord Y; [(coord_x, coord_y, sample_number); ...]
1; 4518.000000; 7.365612; 20.000000; -0.399871; 0.513261; -5.583518; 5.746047; (-0.399871, 0.513261, 4518); (-0.623664, 0.683339, 4519); (-0.811636, 0.922024, 4520); (-1.023456, 1.211387, 4521); (-1.226300, 1.491740, 4522); (-1.491740, 1.834628, 4523); (-1.775004, 2.168445, 4524); (-2.108845, 2.478286, 4525); (-2.466372, 2.656976, 4526); (-2.832637, 2.785005, 4527); (-3.162971, 2.978485, 4528); (-3.543636, 3.293858, 4529); (-3.885372, 3.632809, 4530); (-4.226832, 4.054654, 4531); (-4.529440, 4.407833, 4532); (-4.814019, 4.888089, 4533); (-5.175326, 5.225639, 4534); (-5.406110, 5.491870, 4535); (-5.577605, 5.610119, 4536); (-5.580560, 5.684000, 4537); (-5.583518, 5.746047, 4538)
2; 5507.000000; 5.268915; 12.000000; -9.737932; 8.930174; -5.136844; 6.362791; (-9.737932, 8.930174, 5507); (-9.723436, 8.381866, 5508); (-9.717639, 7.893499, 5509); (-9.616138, 7.494931, 5510); (-9.505869, 7.248390, 5511); (-9.319991, 7.051548, 5512); (-8.956382, 6.957476, 5513); (-8.393547, 6.763331, 5514); (-7.761704, 6.557251, 5515); (-7.136770, 6.406999, 5516); (-6.421733, 6.395211, 5517); (-5.681046, 6.404052, 5518); (-5.136844, 6.362791, 5519)
3; 9593.000000; 7.039161; 16.000000; -1.611019; -1.619964; -6.722129; -6.460040; (-1.611019, -1.619964, 9593); (-1.795874, -1.754135, 9594); (-2.022416, -1.804817, 9595); (-2.368071, -1.882325, 9596); (-2.722482, -2.061162, 9597); (-3.314678, -2.439563, 9598); (-3.781394, -2.984437, 9599); (-4.321793, -3.504988, 9600); (-4.692508, -4.004174, 9601); (-5.101320, -4.514612, 9602); (-5.338076, -5.036180, 9603); (-5.604208, -5.509611, 9604); (-5.890766, -5.834660, 9605); (-6.141633, -6.082626, 9606); (-6.327418, -6.206525, 9607); (-6.415841, -6.265504, 9608); (-6.722129, -6.460040, 9609)
4; 10556.000000; 10.559460; 23.000000; -9.456514; -7.268945; -0.832521; -1.175592; (-9.456514, -7.268945, 10556); (-8.988410, -7.148521, 10557); (-8.463629, -7.013337, 10558); (-7.911066, -6.857482, 10559); (-7.374630, -6.657368, 10560); (-6.892777, -6.383421, 10561); (-6.507177, -6.144584, 10562); (-6.073774, -5.849426, 10563); (-5.686956, -5.645584, 10564); (-5.119082, -5.343991, 10565); (-4.668794, -5.086517, 10566); (-4.096220, -4.716222, 10567); (-3.626865, -4.286187, 10568); (-3.168921, -3.760595, 10569); (-2.945747, -3.261140, 10570); (-2.656975, -2.773097, 10571); (-2.448499, -2.433606, 10572); (-2.147585, -2.102885, 10573); (-1.912133, -1.891267, 10574); (-1.628909, -1.655745, 10575); (-1.348589, -1.515597, 10576); (-1.145764, -1.360519, 10577); (-0.960808, -1.265076, 10578); (-0.832521, -1.175592, 10579)
5; 11530.000000; 4.154118; 12.000000; 1.086102; -0.569955; 4.879201; -2.263795; (1.086102, -0.569955, 11530); (1.414202, -0.686323, 11531); (1.760098, -0.889206, 11532); (2.159505, -1.029423, 11533); (2.463393, -1.211387, 11534); (2.889195, -1.429114, 11535); (3.180822, -1.706432, 11536); (3.579307, -1.915114, 11537); (3.959626, -2.022416, 11538); (4.318827, -2.108845, 11539); (4.553164, -2.168445, 11540); (4.662866, -2.210162, 11541); (4.879201, -2.263795, 11542)
6; 14376.000000; 5.455280; 13.000000; 0.387934; -0.587858; 5.151645; -3.246267; (0.387934, -0.587858, 14376); (0.608745, -0.704225, 14377); (0.859372, -0.901141, 14378); (1.160677, -1.044339, 14379); (1.560327, -1.294903, 14380); (2.046260, -1.506651, 14381); (2.555725, -1.819723, 14382); (3.204621, -2.153546, 14383); (3.710079, -2.490200, 14384); (4.330695, -2.728438, 14385); (4.668794, -2.910031, 14386); (4.991761, -3.055858, 14387); (5.059869, -3.195697, 14388); (5.151645, -3.246267, 14389)
7; 15326.000000; 6.587391; 15.000000; 7.946195; -8.174381; 4.384101; -2.633153; (7.946195, -8.174381, 15326); (7.741195, -7.984243, 15327); (7.427454, -7.659139, 15328); (7.221958, -7.368760, 15329); (6.704470, -6.863364, 15330); (6.200627, -6.197677, 15331); (5.737183, -5.521436, 15332); (5.432728, -4.976952, 15333); (5.190124, -4.541303, 15334); (5.003606, -4.250575, 15335); (4.867351, -3.870520, 15336); (4.754751, -3.576334, 15337); (4.636185, -3.284935, 15338); (4.597642, -3.058834, 15339); (4.535371, -2.865382, 15340); (4.384101, -2.633153, 15341)
8; 15340.000000; 4.026574; 11.000000; 4.535371; -2.865382; 1.363502; -0.384950; (4.535371, -2.865382, 15340); (4.384101, -2.633153, 15341); (4.137783, -2.463393, 15342); (3.882401, -2.365090, 15343); (3.493096, -2.111825, 15344); (2.987414, -1.822704, 15345); (2.412754, -1.381396, 15346); (2.013475, -1.121899, 15347); (1.846552, -0.939925, 15348); (1.700469, -0.740029, 15349); (1.605055, -0.558020, 15350); (1.363502, -0.384950, 15351)
9; 17695.000000; 6.526634; 24.000000; 7.922776; 7.489064; 4.479023; 1.944922; (7.922776, 7.489064, 17695); (7.700171, 7.221958, 17696); (7.421585, 7.022155, 17697); (7.210209, 6.839832, 17698); (7.045670, 6.639704, 17699); (6.869247, 6.398158, 17700); (6.666201, 6.150483, 17701); (6.524851, 5.855331, 17702); (6.406999, 5.618986, 17703); (6.436468, 5.302574, 17704); (6.280247, 5.122043, 17705); (6.109181, 4.846611, 17706); (5.843520, 4.627291, 17707); (5.754909, 4.301023, 17708); (5.595340, 4.045745, 17709); (5.468214, 3.796249, 17710); (5.335117, 3.567417, 17711); (5.234517, 3.284935, 17712); (5.172365, 2.969557, 17713); (5.080595, 2.770120, 17714); (4.968067, 2.519985, 17715); (4.867351, 2.284651, 17716); (4.725113, 2.046260, 17717); (4.648043, 1.959825, 17718); (4.479023, 1.944922, 17719)
10; 18241.000000; 5.297356; 15.000000; -5.630807; -6.168182; -9.604535; -9.671247; (-5.630807, -6.168182, 18241); (-5.870098, -6.353947, 18242); (-6.244863, -6.527798, 18243); (-6.604370, -6.875131, 18244); (-7.025094, -7.154397, 18245); (-7.486131, -7.506665, 18246); (-7.805645, -7.717753, 18247); (-8.133446, -8.001804, 18248); (-8.378944, -8.241619, 18249); (-8.688299, -8.454871, 18250); (-8.912700, -8.694130, 18251); (-9.066998, -8.956382, 18252); (-9.212442, -9.197903, 18253); (-9.354859, -9.346143, 18254); (-9.473937, -9.462322, 18255); (-9.604535, -9.671247, 18256)
11; 20969.000000; 15.832834; 37.000000; 8.098349; 9.708941; -2.779052; -1.795874; (8.098349, 9.708941, 20969); (8.013508, 9.424573, 20970); (7.752914, 9.256051, 20971); (7.600507, 9.049537, 20972); (7.398108, 8.883572, 20973); (7.365825, 8.615383, 20974); (7.045670, 8.224081, 20975); (6.722129, 7.873003, 20976); (6.256659, 7.471463, 20977); (5.967528, 7.177899, 20978); (5.607163, 6.783930, 20979); (5.270027, 6.430573, 20980); (4.858463, 6.094429, 20981); (4.333663, 5.725366, 20982); (3.834871, 5.320325, 20983); (3.394974, 4.959182, 20984); (3.162972, 4.461227, 20985); (2.945747, 3.974476, 20986); (2.776074, 3.359289, 20987); (2.585506, 2.948723, 20988); (2.397860, 2.636131, 20989); (2.174404, 2.451479, 20990); (1.935980, 2.213142, 20991); (1.611019, 1.977709, 20992); (1.235249, 1.655745, 20993); (0.722128, 1.420167, 20994); (0.256636, 1.148746, 20995); (-0.098477, 0.951858, 20996); (-0.447614, 0.459550, 20997); (-0.802686, -0.071620, 20998); (-1.127865, -0.653501, 20999); (-1.423150, -1.074170, 21000); (-1.697488, -1.369466, 21001); (-2.010496, -1.566291, 21002); (-2.263796, -1.608037, 21003); (-2.484243, -1.658727, 21004); (-2.662931, -1.736247, 21005); (-2.779052, -1.795874, 21006)
12; 21007.000000; 5.550398; 13.000000; -3.076688; -1.882325; -6.451200; -6.289091; (-3.076688, -1.882325, 21007); (-3.475256, -2.186324, 21008); (-4.102159, -2.546790, 21009); (-4.606537, -2.987414, 21010); (-5.166444, -3.329549, 21011); (-5.482999, -3.689276, 21012); (-5.695819, -4.007142, 21013); (-5.707639, -4.440463, 21014); (-5.660360, -5.003605, 21015); (-5.707639, -5.553957, 21016); (-5.808078, -5.917340, 21017); (-5.955719, -6.061972, 21018); (-6.126883, -6.156383, 21019); (-6.451200, -6.289091, 21020)
13; 21939.000000; 26.230597; 50.000000; -9.862532; -9.740829; 7.682586; 9.758223; (-9.862532, -9.740829, 21939); (-9.613237, -9.642244, 21940); (-9.293837, -9.444901, 21941); (-8.936000, -9.101914, 21942); (-8.600798, -8.717459, 21943); (-8.224081, -8.221159, 21944); (-7.749984, -7.805645, 21945); (-7.119140, -7.371695, 21946); (-6.495393, -7.028034, 21947); (-5.926197, -6.595536, 21948); (-5.409067, -6.247813, 21949); (-4.888090, -5.917340, 21950); (-4.398934, -5.586473, 21951); (-4.117002, -5.006568, 21952); (-3.796249, -4.375201, 21953); (-3.427683, -3.555526, 21954); (-2.838591, -2.704618, 21955); (-2.356153, -1.968767, 21956); (-1.992611, -1.548399, 21957); (-1.718357, -1.282972, 21958); (-1.470865, -1.026439, 21959); (-1.241214, -0.689307, 21960); (-1.077152, -0.408823, 21961); (-0.871306, -0.104445, 21962); (-0.701241, 0.241715, 21963); (-0.373014, 0.781801, 21964); (-0.128318, 1.324729, 21965); (0.170097, 1.885306, 21966); (0.292444, 2.251877, 21967); (0.549068, 2.633153, 21968); (0.796718, 3.052882, 21969); (1.321746, 3.513906, 21970); (1.712395, 4.033868, 21971); (2.093945, 4.428598, 21972); (2.454457, 4.736969, 21973); (2.865382, 5.175325, 21974); (3.299807, 5.692864, 21975); (3.632809, 6.280247, 21976); (3.983386, 6.763331, 21977); (4.393000, 7.192586, 21978); (4.766605, 7.618098, 21979); (5.240436, 8.033990, 21980); (5.586473, 8.469467, 21981); (5.991141, 8.877747, 21982); (6.230119, 9.145553, 21983); (6.595536, 9.293837, 21984); (6.845715, 9.389719, 21985); (7.160273, 9.511675, 21986); (7.392239, 9.616138, 21987); (7.559455, 9.674146, 21988); (7.682586, 9.758223, 21989)
14; 24317.000000; 4.874948; 16.000000; -8.302989; 9.433285; -5.092437; 5.772634; (-8.302989, 9.433285, 24317); (-8.159762, 9.235701, 24318); (-7.949121, 9.008787, 24319); (-7.738266, 8.866094, 24320); (-7.462661, 8.734950, 24321); (-7.201397, 8.548275, 24322); (-6.848656, 8.314676, 24323); (-6.536633, 8.051544, 24324); (-6.206525, 7.773422, 24325); (-6.005899, 7.471463, 24326); (-5.819893, 7.016275, 24327); (-5.689909, 6.642648, 24328); (-5.533262, 6.274350, 24329); (-5.358782, 6.050168, 24330); (-5.193083, 5.867145, 24331); (-5.083555, 5.781495, 24332); (-5.092437, 5.772634, 24333)
15; 25924.000000; 4.695092; 12.000000; 8.358498; -6.928070; 4.229799; -4.692508; (8.358498, -6.928070, 25924); (8.060321, -6.778045, 25925); (7.424519, -6.569031, 25926); (6.848657, -6.368685, 25927); (6.197677, -6.221272, 25928); (5.737183, -6.094429, 25929); (5.349908, -5.946863, 25930); (5.101319, -5.769680, 25931); (4.822908, -5.598296, 25932); (4.570956, -5.379489, 25933); (4.357398, -5.231557, 25934); (4.321795, -5.068751, 25935); (4.229799, -4.692508, 25936)
16; 25935.000000; 4.518047; 17.000000; 4.321795; -5.068751; 1.581201; -1.482794; (4.321795, -5.068751, 25935); (4.229799, -4.692508, 25936); (4.149657, -4.375201, 25937); (4.072468, -3.956656, 25938); (4.099190, -3.689276, 25939); (4.128878, -3.427683, 25940); (4.125908, -3.145121, 25941); (3.998234, -2.981461, 25942); (3.742767, -2.671865, 25943); (3.296833, -2.514028, 25944); (2.877289, -2.356153, 25945); (2.525942, -2.233999, 25946); (2.308486, -2.165465, 25947); (2.135665, -1.989632, 25948); (1.968767, -1.798854, 25949); (1.867420, -1.590146, 25950); (1.724321, -1.476830, 25951); (1.581201, -1.482794, 25952)
17; 27427.000000; 17.525802; 40.000000; -8.025212; 8.994232; 5.210842; -2.493179; (-8.025212, 8.994232, 27427); (-7.638619, 8.761186, 27428); (-7.263072, 8.530766, 27429); (-6.960416, 8.294223, 27430); (-6.666202, 8.121746, 27431); (-6.383421, 7.949122, 27432); (-6.002949, 7.665000, 27433); (-5.616030, 7.254262, 27434); (-5.204923, 6.739788, 27435); (-4.814019, 6.292040, 27436); (-4.520544, 5.988190, 27437); (-4.197152, 5.707638, 27438); (-4.027929, 5.545087, 27439); (-3.742766, 5.317366, 27440); (-3.436604, 5.068752, 27441); (-2.913007, 4.739932, 27442); (-2.463392, 4.395967, 27443); (-2.087984, 4.016051, 27444); (-1.798854, 3.588224, 27445); (-1.455954, 3.082638, 27446); (-1.181557, 2.719506, 27447); (-0.960808, 2.341258, 27448); (-0.623664, 2.061162, 27449); (-0.256635, 1.721340, 27450); (0.059683, 1.447008, 27451); (0.334222, 1.104001, 27452); (0.668420, 0.913074, 27453); (1.017490, 0.614713, 27454); (1.360519, 0.423743, 27455); (1.614001, 0.131302, 27456); (1.849533, -0.125335, 27457); (2.061162, -0.370030, 27458); (2.379986, -0.704225, 27459); (2.913007, -0.913074, 27460); (3.430657, -1.256128, 27461); (4.021990, -1.587165, 27462); (4.487921, -1.932998, 27463); (4.822908, -2.201222, 27464); (5.006568, -2.302528, 27465); (5.107241, -2.382965, 27466); (5.210842, -2.493179, 27467)
18; 28446.000000; 25.292994; 57.000000; 8.451950; -8.606630; -8.571621; 10.096990; (8.451950, -8.606630, 28446); (8.346813, -8.329284, 28447); (8.153914, -7.949121, 28448); (7.899355, -7.653276, 28449); (7.562389, -7.260135, 28450); (7.263072, -6.801585, 28451); (6.913366, -6.406998, 28452); (6.406999, -5.994092, 28453); (5.740138, -5.539176, 28454); (5.222680, -5.119082, 28455); (4.896976, -4.591712, 28456); (4.745860, -4.223863, 28457); (4.615431, -3.748709, 28458); (4.520544, -3.362262, 28459); (4.443430, -2.981461, 28460); (4.360365, -2.496158, 28461); (4.292121, -2.079044, 28462); (4.125908, -1.649781, 28463); (3.790307, -1.315781, 28464); (3.145121, -1.008540, 28465); (2.448500, -0.611729, 28466); (1.912133, -0.298413, 28467); (1.619964, 0.176064, 28468); (1.396308, 0.516244, 28469); (1.011523, 0.829537, 28470); (0.638583, 1.083119, 28471); (0.226795, 1.438061, 28472); (-0.119366, 1.941941, 28473); (-0.423743, 2.359133, 28474); (-0.743014, 2.802868, 28475); (-0.957824, 3.130245, 28476); (-1.196472, 3.513906, 28477); (-1.464900, 3.799220, 28478); (-1.891268, 4.140751, 28479); (-2.278693, 4.431565, 28480); (-2.594440, 4.642113, 28481); (-2.918961, 4.905864, 28482); (-3.314678, 5.199003, 28483); (-3.724937, 5.565781, 28484); (-3.995263, 5.911435, 28485); (-4.274316, 6.244864, 28486); (-4.570956, 6.745675, 28487); (-4.879202, 7.301242, 28488); (-5.136844, 7.887644, 28489); (-5.426813, 8.177306, 28490); (-5.749000, 8.384786, 28491); (-6.097379, 8.446111, 28492); (-6.356896, 8.548275, 28493); (-6.683864, 8.562865, 28494); (-6.951594, 8.720372, 28495); (-7.301242, 8.979676, 28496); (-7.515464, 9.322898, 28497); (-7.711892, 9.575521, 28498); (-7.878860, 9.821975, 28499); (-8.033990, 9.963881, 28500); (-8.250388, 10.065169, 28501); (-8.338050, 10.099881, 28502); (-8.571621, 10.096990, 28503)
19; 29535.000000; 8.405759; 21.000000; -10.348432; 9.656746; -10.714758; 1.288938; (-10.348432, 9.656746, 29535); (-10.501415, 9.290932, 29536); (-10.642716, 8.764101, 29537); (-10.720520, 8.136369, 29538); (-10.760848, 7.483198, 29539); (-10.901907, 6.951595, 29540); (-11.025583, 6.477717, 29541); (-11.146285, 6.147533, 29542); (-11.146285, 5.864191, 29543); (-11.117556, 5.586473, 29544); (-11.054331, 5.320325, 29545); (-10.979577, 4.968067, 29546); (-10.910539, 4.624326, 29547); (-10.827076, 4.149658, 29548); (-10.752206, 3.659557, 29549); (-10.619655, 3.207596, 29550); (-10.486990, 2.776074, 29551); (-10.455247, 2.391902, 29552); (-10.486990, 1.971748, 29553); (-10.573524, 1.694506, 29554); (-10.596591, 1.479812, 29555); (-10.714758, 1.288938, 29556)
20; 29555.000000; 5.933103; 17.000000; -10.596591; 1.479812; -9.331615; -4.194183; (-10.596591, 1.479812, 29555); (-10.714758, 1.288938, 29556); (-10.847226, 1.029423, 29557); (-10.996830, 0.665436, 29558); (-11.051457, 0.280508, 29559); (-11.065828, -0.131302, 29560); (-10.999707, -0.447614, 29561); (-10.878886, -0.740029, 29562); (-10.717639, -1.077153, 29563); (-10.498529, -1.506651, 29564); (-10.166392, -1.947902, 29565); (-9.862532, -2.433606, 29566); (-9.610336, -2.874312, 29567); (-9.511675, -3.344419, 29568); (-9.427476, -3.650642, 29569); (-9.386815, -3.921015, 29570); (-9.360670, -4.051684, 29571); (-9.331615, -4.194183, 29572)
21; 30508.000000; 9.385129; 22.000000; -7.650345; -9.908873; 1.718358; -10.342658; (-7.650345, -9.908873, 30508); (-7.392238, -9.960988, 30509); (-7.051548, -10.015980, 30510); (-6.683864, -10.076741, 30511); (-6.259606, -10.140371, 30512); (-5.684000, -10.247324, 30513); (-4.994721, -10.319551, 30514); (-4.280251, -10.403293, 30515); (-3.790307, -10.443705, 30516); (-3.433631, -10.463903, 30517); (-3.109417, -10.461019, 30518); (-2.719506, -10.458134, 30519); (-2.254856, -10.380197, 30520); (-1.819723, -10.316663, 30521); (-1.417185, -10.227097, 30522); (-1.106983, -10.183741, 30523); (-0.853405, -10.163502, 30524); (-0.516244, -10.229987, 30525); (-0.274541, -10.307998, 30526); (0.179049, -10.357098, 30527); (0.558020, -10.394632, 30528); (1.187523, -10.377309, 30529); (1.718358, -10.342658, 30530)
22; 30529.000000; 7.221128; 21.000000; 1.187523; -10.377309; 8.349733; -9.505869; (1.187523, -10.377309, 30529); (1.718358, -10.342658, 30530); (2.141625, -10.354208, 30531); (2.460414, -10.371534, 30532); (2.761188, -10.417727, 30533); (3.130245, -10.333993, 30534); (3.519853, -10.247324, 30535); (3.849725, -10.140371, 30536); (4.247607, -10.027556, 30537); (4.618396, -10.010193, 30538); (4.982875, -10.001510, 30539); (5.341034, -10.015980, 30540); (5.695819, -9.987039, 30541); (6.073774, -9.952303, 30542); (6.442360, -9.894393, 30543); (6.751560, -9.807489, 30544); (7.072122, -9.717639, 30545); (7.383434, -9.636444, 30546); (7.662069, -9.569718, 30547); (7.957903, -9.511675, 30548); (8.162686, -9.497161, 30549); (8.349733, -9.505869, 30550)
23; 31501.000000; 12.507784; 29.000000; 5.772634; -6.521905; 8.577456; 5.654450; (5.772634, -6.521905, 31501); (5.843520, -6.115082, 31502); (5.940958, -5.553957, 31503); (6.112132, -5.130924, 31504); (6.241914, -4.630255, 31505); (6.362791, -4.051684, 31506); (6.527798, -3.451470, 31507); (6.707412, -2.895148, 31508); (6.854540, -2.490200, 31509); (6.928070, -2.248897, 31510); (6.889837, -1.924057, 31511); (6.983938, -1.527526, 31512); (7.077999, -1.074170, 31513); (7.403977, -0.602777, 31514); (7.755844, -0.098477, 31515); (8.112972, 0.462534, 31516); (8.267922, 0.957825, 31517); (8.314676, 1.262093, 31518); (8.329285, 1.628910, 31519); (8.422751, 1.995592, 31520); (8.507416, 2.382965, 31521); (8.594961, 2.749279, 31522); (8.632885, 2.975509, 31523); (8.621218, 3.284935, 31524); (8.589127, 3.692248, 31525); (8.574537, 4.226831, 31526); (8.536603, 4.683616, 31527); (8.580374, 5.045064, 31528); (8.592044, 5.272985, 31529); (8.577456, 5.654450, 31530)
24; 32482.000000; 9.894183; 20.000000; 6.336262; 9.621941; -3.365237; 11.565078; (6.336262, 9.621941, 32482); (6.056070, 9.720538, 32483); (5.586473, 9.874119, 32484); (5.249313, 9.908873, 32485); (4.757714, 10.056491, 32486); (4.265413, 10.227097, 32487); (3.805162, 10.403293, 32488); (3.302780, 10.515840, 32489); (2.951699, 10.538916, 32490); (2.451479, 10.611006, 32491); (2.070102, 10.608124, 32492); (1.649781, 10.599474, 32493); (1.297885, 10.547568, 32494); (0.987658, 10.504300, 32495); (0.680355, 10.530262, 32496); (0.298413, 10.570640, 32497); (0.023873, 10.636951, 32498); (-0.543100, 10.723401, 32499); (-1.303851, 10.924925, 32500); (-2.457437, 11.215212, 32501); (-3.365237, 11.565078, 32502)
25; 33466.000000; 8.441577; 20.000000; -10.073847; 10.166392; -3.918045; 4.390033; (-10.073847, 10.166392, 33466); (-9.960988, 9.932036, 33467); (-9.784305, 9.729235, 33468); (-9.587127, 9.441997, 33469); (-9.273491, 9.189178, 33470); (-8.997144, 8.901050, 33471); (-8.682467, 8.720372, 33472); (-8.332207, 8.443192, 33473); (-7.931559, 8.168534, 33474); (-7.547726, 7.867147, 33475); (-7.216083, 7.638619, 33476); (-6.886897, 7.330600, 33477); (-6.474772, 6.957476, 33478); (-6.008850, 6.539579, 33479); (-5.494827, 6.138683, 33480); (-5.113161, 5.648540, 33481); (-4.787349, 5.157565, 33482); (-4.529440, 4.757715, 33483); (-4.265413, 4.567991, 33484); (-4.117002, 4.443430, 33485); (-3.918045, 4.390033, 33486)
26; 33489.000000; 4.379510; 14.000000; -3.436604; 3.986355; -0.080573; 1.172609; (-3.436604, 3.986355, 33489); (-3.278986, 3.790307, 33490); (-3.085614, 3.617948, 33491); (-2.820729, 3.299807, 33492); (-2.552746, 3.073712, 33493); (-2.171424, 2.779052, 33494); (-1.885306, 2.630176, 33495); (-1.476830, 2.472329, 33496); (-1.142780, 2.326362, 33497); (-0.743014, 2.108845, 33498); (-0.519230, 1.849533, 33499); (-0.370031, 1.566291, 33500); (-0.238731, 1.348589, 33501); (-0.152191, 1.211387, 33502); (-0.080573, 1.172609, 33503)
