Pursuit Number    Onset_sample, Offset_sample, Onset_x_pos, Onset_y_pos, Offset_x_pos, Offset_y_pos  
1   ,30   ,30     ,0.21  ,0.63  ,0.21  ,0.63 
2   ,36   ,36     ,0.32  ,0.37  ,0.32  ,0.37 
3   ,38   ,38     ,0.34  ,0.68  ,0.34  ,0.68 
4   ,43   ,45     ,0.37  ,0.26  ,0.45  ,-1.13 
5   ,55   ,55     ,0.42  ,-1.29  ,0.42  ,-1.29 
6   ,63   ,63     ,0.29  ,-1.13  ,0.29  ,-1.13 
7   ,76   ,76     ,0.26  ,-1.63  ,0.26  ,-1.63 
8   ,78   ,79     ,0.47  ,-1.42  ,0.60  ,-1.65 
9   ,95   ,95     ,0.60  ,-1.50  ,0.60  ,-1.50 
10   ,103   ,103     ,0.55  ,-1.92  ,0.55  ,-1.92 
11   ,107   ,108     ,0.47  ,-2.23  ,0.53  ,-1.94 
12   ,112   ,112     ,0.55  ,-1.79  ,0.55  ,-1.79 
13   ,115   ,115     ,0.26  ,-1.87  ,0.26  ,-1.87 
14   ,123   ,123     ,0.45  ,-2.13  ,0.45  ,-2.13 
15   ,125   ,125     ,0.29  ,-1.81  ,0.29  ,-1.81 
16   ,129   ,129     ,0.21  ,-1.23  ,0.21  ,-1.23 
17   ,131   ,131     ,0.24  ,-1.68  ,0.24  ,-1.68 
18   ,133   ,133     ,0.32  ,-2.23  ,0.32  ,-2.23 
19   ,136   ,136     ,0.16  ,-2.00  ,0.16  ,-2.00 
20   ,140   ,140     ,0.21  ,-1.89  ,0.21  ,-1.89 
21   ,143   ,143     ,0.11  ,-1.89  ,0.11  ,-1.89 
22   ,153   ,154     ,-9.60  ,-1.44  ,-9.91  ,-1.37 
23   ,158   ,158     ,-9.81  ,-0.87  ,-9.81  ,-0.87 
24   ,160   ,160     ,-9.61  ,-1.21  ,-9.61  ,-1.21 
25   ,164   ,164     ,-9.68  ,-1.10  ,-9.68  ,-1.10 
26   ,166   ,166     ,-9.58  ,-1.10  ,-9.58  ,-1.10 
27   ,170   ,170     ,-9.40  ,-1.26  ,-9.40  ,-1.26 
28   ,173   ,173     ,-9.45  ,-1.47  ,-9.45  ,-1.47 
29   ,175   ,175     ,-9.53  ,-1.23  ,-9.53  ,-1.23 
30   ,182   ,182     ,-9.78  ,-1.02  ,-9.78  ,-1.02 
31   ,188   ,189     ,-9.70  ,-1.16  ,-9.68  ,-0.89 
32   ,194   ,194     ,-9.81  ,-0.81  ,-9.81  ,-0.81 
33   ,199   ,199     ,-9.58  ,-1.02  ,-9.58  ,-1.02 
34   ,203   ,203     ,-9.76  ,-1.34  ,-9.76  ,-1.34 
35   ,208   ,208     ,-9.60  ,-1.26  ,-9.60  ,-1.26 
36   ,210   ,210     ,-9.81  ,-1.00  ,-9.81  ,-1.00 
37   ,212   ,212     ,-9.78  ,-0.76  ,-9.78  ,-0.76 
38   ,214   ,214     ,-9.50  ,-1.13  ,-9.50  ,-1.13 
39   ,216   ,216     ,-9.70  ,-0.97  ,-9.70  ,-0.97 
40   ,220   ,220     ,-9.73  ,-1.44  ,-9.73  ,-1.44 
41   ,229   ,229     ,-9.63  ,-1.00  ,-9.63  ,-1.00 
42   ,231   ,232     ,-9.83  ,-1.39  ,-9.68  ,-1.65 
43   ,244   ,244     ,-9.55  ,-1.55  ,-9.55  ,-1.55 
44   ,275   ,275     ,10.03  ,-0.50  ,10.03  ,-0.50 
45   ,284   ,284     ,10.05  ,-0.24  ,10.05  ,-0.24 
46   ,291   ,291     ,10.01  ,-0.47  ,10.01  ,-0.47 
47   ,296   ,296     ,10.06  ,-0.71  ,10.06  ,-0.71 
48   ,298   ,300     ,9.96  ,-0.68  ,9.83  ,-0.81 
49   ,308   ,308     ,10.06  ,-0.76  ,10.06  ,-0.76 
50   ,318   ,318     ,9.68  ,-0.74  ,9.68  ,-0.74 
51   ,323   ,323     ,9.93  ,-0.55  ,9.93  ,-0.55 
52   ,349   ,349     ,9.50  ,-0.53  ,9.50  ,-0.53 
53   ,351   ,351     ,9.80  ,-0.47  ,9.80  ,-0.47 
54   ,361   ,361     ,9.78  ,-0.29  ,9.78  ,-0.29 
55   ,393   ,394     ,-10.89  ,-0.47  ,-10.36  ,-0.55 
56   ,398   ,398     ,-10.18  ,-0.87  ,-10.18  ,-0.87 
57   ,412   ,412     ,-9.99  ,-1.29  ,-9.99  ,-1.29 
58   ,418   ,418     ,-10.21  ,-1.42  ,-10.21  ,-1.42 
59   ,427   ,427     ,-9.91  ,-1.71  ,-9.91  ,-1.71 
60   ,438   ,438     ,-9.91  ,-1.52  ,-9.91  ,-1.52 
61   ,450   ,450     ,-9.68  ,-1.76  ,-9.68  ,-1.76 
62   ,457   ,458     ,-9.81  ,-1.73  ,-9.96  ,-1.23 
63   ,460   ,460     ,-9.88  ,-1.65  ,-9.88  ,-1.65 
64   ,465   ,465     ,-9.93  ,-1.60  ,-9.93  ,-1.60 
65   ,468   ,468     ,-9.99  ,-1.50  ,-9.99  ,-1.50 
66   ,491   ,491     ,-9.83  ,-1.26  ,-9.83  ,-1.26 
67   ,516   ,517     ,12.13  ,-0.42  ,11.90  ,-0.73 
68   ,519   ,519     ,11.44  ,-0.71  ,11.44  ,-0.71 
69   ,548   ,548     ,10.81  ,-1.15  ,10.81  ,-1.15 
70   ,554   ,554     ,11.12  ,-1.23  ,11.12  ,-1.23 
71   ,559   ,559     ,10.97  ,-1.42  ,10.97  ,-1.42 
72   ,571   ,571     ,10.54  ,-1.55  ,10.54  ,-1.55 
73   ,573   ,573     ,10.77  ,-1.42  ,10.77  ,-1.42 
74   ,580   ,581     ,10.59  ,-1.63  ,10.79  ,-1.42 
75   ,588   ,588     ,10.64  ,-1.73  ,10.64  ,-1.73 
76   ,599   ,599     ,10.69  ,-1.78  ,10.69  ,-1.78 
77   ,601   ,601     ,10.67  ,-1.34  ,10.67  ,-1.34 
78   ,603   ,603     ,10.48  ,-1.47  ,10.48  ,-1.47 
79   ,614   ,614     ,10.62  ,-1.26  ,10.62  ,-1.26 
80   ,616   ,616     ,10.41  ,-1.81  ,10.41  ,-1.81 
81   ,636   ,637     ,-10.51  ,-1.05  ,-10.62  ,-1.29 
82   ,656   ,656     ,-10.13  ,-1.42  ,-10.13  ,-1.42 
83   ,667   ,667     ,-10.24  ,-1.39  ,-10.24  ,-1.39 
84   ,669   ,669     ,-10.16  ,-1.29  ,-10.16  ,-1.29 
85   ,688   ,688     ,-9.93  ,-1.31  ,-9.93  ,-1.31 
86   ,696   ,696     ,-10.13  ,-1.10  ,-10.13  ,-1.10 
87   ,699   ,699     ,-9.93  ,-0.60  ,-9.93  ,-0.60 
88   ,701   ,701     ,-9.90  ,-1.29  ,-9.90  ,-1.29 
89   ,718   ,718     ,11.07  ,-2.10  ,11.07  ,-2.10 
90   ,724   ,724     ,10.61  ,-2.10  ,10.61  ,-2.10 
91   ,726   ,726     ,10.41  ,-2.39  ,10.41  ,-2.39 
92   ,729   ,729     ,10.38  ,-2.26  ,10.38  ,-2.26 
93   ,733   ,733     ,10.08  ,-2.12  ,10.08  ,-2.12 
94   ,739   ,739     ,10.41  ,-2.12  ,10.41  ,-2.12 
95   ,743   ,743     ,10.31  ,-2.02  ,10.31  ,-2.02 
96   ,748   ,748     ,10.31  ,-2.02  ,10.31  ,-2.02 
97   ,751   ,753     ,10.39  ,-2.13  ,10.49  ,-1.58 
98   ,757   ,757     ,10.54  ,-1.63  ,10.54  ,-1.63 
99   ,761   ,764     ,10.54  ,-1.55  ,10.46  ,-1.60 
100   ,766   ,766     ,10.62  ,-1.63  ,10.62  ,-1.63 
101   ,780   ,781     ,10.62  ,-1.68  ,10.36  ,-1.65 
102   ,785   ,786     ,10.62  ,-1.65  ,10.44  ,-1.86 
103   ,792   ,792     ,10.19  ,-2.02  ,10.19  ,-2.02 
104   ,794   ,795     ,10.37  ,-1.97  ,10.42  ,-1.65 
105   ,803   ,803     ,10.34  ,-1.76  ,10.34  ,-1.76 
106   ,813   ,813     ,10.29  ,-1.42  ,10.29  ,-1.42 
107   ,821   ,821     ,10.06  ,-2.05  ,10.06  ,-2.05 
108   ,824   ,824     ,10.32  ,-1.79  ,10.32  ,-1.79 
109   ,826   ,826     ,10.14  ,-1.97  ,10.14  ,-1.97 
110   ,828   ,828     ,10.19  ,-1.81  ,10.19  ,-1.81 
111   ,835   ,836     ,10.21  ,-1.76  ,10.42  ,-1.52 
112   ,839   ,839     ,10.32  ,-2.07  ,10.32  ,-2.07 
113   ,844   ,844     ,10.39  ,-1.63  ,10.39  ,-1.63 
114   ,846   ,847     ,10.19  ,-2.02  ,10.27  ,-1.73 
115   ,849   ,849     ,10.21  ,-1.84  ,10.21  ,-1.84 
116   ,851   ,851     ,10.52  ,-1.60  ,10.52  ,-1.60 
117   ,854   ,854     ,10.32  ,-1.84  ,10.32  ,-1.84 
118   ,865   ,865     ,10.34  ,-1.71  ,10.34  ,-1.71 
119   ,878   ,879     ,-10.47  ,-1.05  ,-10.06  ,-0.92 
120   ,885   ,885     ,-9.90  ,-1.10  ,-9.90  ,-1.10 
121   ,887   ,887     ,-9.85  ,-0.71  ,-9.85  ,-0.71 
122   ,898   ,898     ,-9.62  ,-0.76  ,-9.62  ,-0.76 
123   ,900   ,900     ,-9.68  ,-0.92  ,-9.68  ,-0.92 
124   ,904   ,904     ,-9.80  ,-0.42  ,-9.80  ,-0.42 
125   ,918   ,918     ,-9.85  ,-0.47  ,-9.85  ,-0.47 
126   ,922   ,924     ,-9.57  ,-0.95  ,-9.70  ,-0.81 
127   ,927   ,930     ,-9.75  ,-0.87  ,-9.75  ,-0.68 
128   ,958   ,958     ,-9.93  ,-0.47  ,-9.93  ,-0.47 
129   ,961   ,961     ,-9.90  ,-0.47  ,-9.90  ,-0.47 
130   ,966   ,967     ,-9.83  ,-0.79  ,-9.70  ,-0.50 
131   ,982   ,982     ,-9.57  ,-0.39  ,-9.57  ,-0.39 
132   ,992   ,992     ,11.47  ,-0.39  ,11.47  ,-0.39 
133   ,995   ,995     ,10.95  ,-0.71  ,10.95  ,-0.71 
134   ,1001   ,1001     ,10.84  ,-0.63  ,10.84  ,-0.63 
135   ,1014   ,1014     ,10.77  ,-0.79  ,10.77  ,-0.79 
136   ,1022   ,1023     ,10.77  ,-0.76  ,10.51  ,-1.02 
137   ,1025   ,1025     ,10.69  ,-0.50  ,10.69  ,-0.50 
138   ,1029   ,1029     ,10.24  ,-0.79  ,10.24  ,-0.79 
139   ,1033   ,1033     ,10.67  ,-0.47  ,10.67  ,-0.47 
140   ,1036   ,1036     ,10.18  ,-0.68  ,10.18  ,-0.68 
141   ,1047   ,1047     ,10.36  ,-0.45  ,10.36  ,-0.45 
142   ,1050   ,1050     ,10.64  ,-0.34  ,10.64  ,-0.34 
143   ,1052   ,1053     ,10.28  ,-0.34  ,10.15  ,-0.58 
144   ,1067   ,1067     ,10.29  ,-0.37  ,10.29  ,-0.37 
145   ,1090   ,1090     ,10.64  ,-0.18  ,10.64  ,-0.18 
146   ,1129   ,1131     ,-9.13  ,-0.45  ,-10.12  ,-0.13 
147   ,1152   ,1153     ,-10.18  ,-0.16  ,-10.15  ,-0.45 
148   ,1160   ,1160     ,-9.93  ,-0.89  ,-9.93  ,-0.89 
149   ,1169   ,1169     ,-10.06  ,-0.87  ,-10.06  ,-0.87 
150   ,1173   ,1173     ,-10.06  ,-0.74  ,-10.06  ,-0.74 
151   ,1184   ,1184     ,-10.11  ,-0.74  ,-10.11  ,-0.74 
152   ,1186   ,1186     ,-10.08  ,-0.97  ,-10.08  ,-0.97 
153   ,1197   ,1197     ,11.70  ,-0.63  ,11.70  ,-0.63 
154   ,1200   ,1200     ,11.27  ,-0.84  ,11.27  ,-0.84 
155   ,1207   ,1207     ,10.82  ,-1.05  ,10.82  ,-1.05 
156   ,1215   ,1215     ,10.82  ,-0.97  ,10.82  ,-0.97 
157   ,1230   ,1230     ,10.51  ,-0.81  ,10.51  ,-0.81 
158   ,1232   ,1232     ,10.51  ,-0.66  ,10.51  ,-0.66 
159   ,1237   ,1237     ,10.69  ,-0.68  ,10.69  ,-0.68 
160   ,1241   ,1241     ,10.61  ,-0.87  ,10.61  ,-0.87 
161   ,1243   ,1243     ,10.31  ,-0.97  ,10.31  ,-0.97 
162   ,1259   ,1259     ,10.74  ,-1.23  ,10.74  ,-1.23 
163   ,1266   ,1266     ,10.43  ,-1.57  ,10.43  ,-1.57 
164   ,1268   ,1268     ,10.59  ,-1.10  ,10.59  ,-1.10 
165   ,1286   ,1286     ,10.46  ,-0.92  ,10.46  ,-0.92 
166   ,1289   ,1289     ,10.57  ,-0.89  ,10.57  ,-0.89 
167   ,1295   ,1295     ,10.34  ,-0.79  ,10.34  ,-0.79 
168   ,1307   ,1307     ,10.46  ,-0.74  ,10.46  ,-0.74 
169   ,1336   ,1336     ,-6.75  ,-0.89  ,-6.75  ,-0.89 
170   ,1338   ,1338     ,-7.01  ,-0.60  ,-7.01  ,-0.60 
171   ,1347   ,1347     ,-6.44  ,-0.45  ,-6.44  ,-0.45 
172   ,1352   ,1352     ,-9.76  ,-0.39  ,-9.76  ,-0.39 
173   ,1355   ,1355     ,-9.83  ,-0.32  ,-9.83  ,-0.32 
174   ,1357   ,1357     ,-9.68  ,-0.45  ,-9.68  ,-0.45 
175   ,1373   ,1373     ,-9.65  ,-0.53  ,-9.65  ,-0.53 
176   ,1386   ,1387     ,-9.73  ,-0.18  ,-9.93  ,-0.34 
177   ,1392   ,1392     ,-9.88  ,0.00  ,-9.88  ,0.00 
178   ,1399   ,1399     ,-9.78  ,-0.13  ,-9.78  ,-0.13 
179   ,1406   ,1406     ,-9.83  ,-0.39  ,-9.83  ,-0.39 
180   ,1413   ,1413     ,-9.90  ,-0.39  ,-9.90  ,-0.39 
181   ,1440   ,1440     ,-9.65  ,-0.60  ,-9.65  ,-0.60 
182   ,1461   ,1461     ,8.75  ,-0.24  ,8.75  ,-0.24 
183   ,1469   ,1469     ,8.96  ,-0.47  ,8.96  ,-0.47 
184   ,1475   ,1475     ,10.66  ,-0.42  ,10.66  ,-0.42 
185   ,1525   ,1525     ,10.03  ,-0.76  ,10.03  ,-0.76 
186   ,1555   ,1555     ,-7.03  ,-0.08  ,-7.03  ,-0.08 
187   ,1563   ,1563     ,-6.80  ,0.11  ,-6.80  ,0.11 
188   ,1588   ,1588     ,-9.96  ,0.21  ,-9.96  ,0.21 
189   ,1597   ,1597     ,-9.88  ,0.32  ,-9.88  ,0.32 
190   ,1610   ,1610     ,-9.75  ,0.11  ,-9.75  ,0.11 
191   ,1619   ,1619     ,-9.68  ,-0.13  ,-9.68  ,-0.13 
192   ,1635   ,1635     ,-9.93  ,-0.26  ,-9.93  ,-0.26 
193   ,1672   ,1673     ,11.47  ,0.26  ,11.75  ,0.13 
194   ,1676   ,1676     ,11.67  ,-0.08  ,11.67  ,-0.08 
195   ,1678   ,1679     ,11.12  ,0.03  ,10.74  ,0.21 
196   ,1684   ,1684     ,10.71  ,0.45  ,10.71  ,0.45 
197   ,1686   ,1686     ,10.59  ,0.13  ,10.59  ,0.13 
198   ,1736   ,1736     ,10.49  ,-0.24  ,10.49  ,-0.24 
199   ,1743   ,1743     ,9.96  ,-0.55  ,9.96  ,-0.55 
200   ,1750   ,1750     ,10.08  ,-0.84  ,10.08  ,-0.84 
201   ,1752   ,1752     ,9.90  ,-1.00  ,9.90  ,-1.00 
202   ,1754   ,1754     ,10.06  ,-0.74  ,10.06  ,-0.74 
203   ,1760   ,1760     ,9.90  ,-0.81  ,9.90  ,-0.81 
204   ,1763   ,1764     ,9.96  ,-0.95  ,9.96  ,-0.66 
205   ,1767   ,1767     ,9.90  ,-0.95  ,9.90  ,-0.95 
206   ,1769   ,1769     ,10.21  ,-0.45  ,10.21  ,-0.45 
207   ,1776   ,1776     ,9.88  ,-0.66  ,9.88  ,-0.66 
208   ,1778   ,1778     ,10.14  ,-0.76  ,10.14  ,-0.76 
209   ,1780   ,1780     ,10.04  ,-0.84  ,10.04  ,-0.84 
210   ,1784   ,1784     ,10.21  ,-0.53  ,10.21  ,-0.53 
211   ,1795   ,1795     ,10.06  ,-0.39  ,10.06  ,-0.39 
212   ,1797   ,1797     ,10.06  ,-0.74  ,10.06  ,-0.74 
213   ,1799   ,1800     ,10.11  ,-0.50  ,10.11  ,-0.50 
